0
   457.2558    430.5091    436.0421    459.7533    483.4346    493.9505    510.2807    524.9058    560.9028    589.1541    556.1804    500.3409    463.9097    342.3682    319.7462    286.4911    217.5144    128.8733     37.6500     10.7371  
 5370234.0000  5581032.0000  
   182.0864    765.0937   1602.9692   1868.8773    198.7825   1640.0326     37.1582   1515.0000  
   289.5279   4307.0884   3213.3838  
 1
   477.5065    484.2479    496.7729    507.8555    450.5969    420.0087    551.0078    627.0680    635.3530    630.2887    511.5309    573.0188    471.3606    266.9326    231.9435    218.9566    135.3579     89.3313     21.8204      9.0415  
    3862.6891     3947.3109  
   174.3384    645.8192   1657.4760   1888.7477    113.4559   1775.9987     39.1640   1515.0000  
   262.5767   4271.2485   3276.1748  
 2
   481.6714    488.4694    501.0948    502.9314    461.6418    418.7063    541.2200    614.4017    620.1450    614.9683    503.3705    569.1902    475.0236    273.1628    241.3825    230.4883    143.8672     95.2339     23.3171      9.7138  
    3820.5446     3989.4554  
   171.7295    640.0855   1664.4154   1893.8973    112.9400   1772.7123     39.2199   1515.0000  
   265.3407   4221.5569   3323.1024  
 3
   487.3440    494.2220    506.9960    506.0542    460.7004    414.8671    535.8573    608.1370    613.6112    608.6496    498.7508    566.0900    477.8598    276.2959    244.5891    233.7597    145.9961     96.6737     23.6773      9.8690  
    3819.8960     3990.1040  
   172.0315    640.9843   1666.6188   1894.0338    112.6213   1769.5873     39.1230   1515.0000  
   267.3379   4191.0326   3351.6295  
 4
   490.8988    497.8269    510.6938    508.5280    460.3800    412.7786    532.9205    604.6674    609.9610    605.0191    495.9505    564.0321    479.2559    277.8919    246.0825    235.1970    146.8939     97.2700     23.8232      9.9289  
    3818.4214     3991.5786  
   172.4033    642.1263   1667.9562   1893.6968    112.3749   1767.3702     39.0721   1515.0000  
   268.4613   4173.0711   3368.4677  
 5
   493.0152    499.9732    512.8953    509.9899    460.2246    411.6064    531.2653    602.6998    607.8746    602.9165    494.3031    562.7827    480.0071    278.7818    246.8951    235.9639    147.3657     97.5817     23.8988      9.9594  
    3817.4257     3992.5743  
   172.6477    642.8909   1668.7934   1893.4241    112.2203   1765.9813     39.0423   1515.0000  
   269.1056   4162.6023   3378.2921  
 6
   494.2572    501.2327    514.1872    510.8321    460.1345    410.9341    530.3163    601.5691    606.6714    601.6974    493.3421    562.0433    480.4278    279.2920    247.3579    236.3982    147.6318     97.7571     23.9413      9.9765  
    3816.8305     3993.1695  
   172.7942    643.3518   1669.2951   1893.2502    112.1285   1765.1554     39.0247   1515.0000  
   269.4787   4156.5113   3384.0099  
 7
   494.9827    501.9684    514.9418    511.3195    460.0803    410.5446    529.7671    600.9143    605.9739    600.9893    492.7826    561.6096    480.6682    279.5874    247.6257    236.6491    147.7853     97.8584     23.9657      9.9863  
    3816.4831     3993.5169  
   172.8801    643.6222   1669.5894   1893.1462    112.0749   1764.6727     39.0144   1515.0000  
   269.6958   4152.9652   3387.3390  
 8
   495.4060    502.3977    515.3822    511.6029    460.0476    410.3179    529.4476    600.5335    605.5682    600.5771    492.4566    561.3561    480.8069    279.7592    247.7815    236.7951    147.8746     97.9173     23.9800      9.9920  
    3816.2813     3993.7187  
   172.9301    643.7798   1669.7608   1893.0853    112.0436   1764.3919     39.0084   1515.0000  
   269.8224   4150.8984   3389.2793  
 9
   495.6531    502.6482    515.6392    511.7681    460.0281    410.1857    529.2614    600.3115    605.3317    600.3369    492.2666    561.2080    480.8874    279.8594    247.8724    236.8803    147.9267     97.9517     23.9883      9.9953  
    3816.1640     3993.8360  
   172.9592    643.8716   1669.8606   1893.0497    112.0254   1764.2285     39.0049   1515.0000  
   269.8962   4149.6927   3390.4111  
10
   495.7974    502.7945    515.7892    511.8645    460.0165    410.1085    529.1527    600.1820    605.1938    600.1968    492.1557    561.1215    480.9343    279.9179    247.9254    236.9300    147.9572     97.9718     23.9932      9.9973  
    3816.0957     3993.9043  
   172.9762    643.9251   1669.9187   1893.0290    112.0149   1764.1333     39.0029   1515.0000  
   269.9394   4148.9888   3391.0718  
11
   495.8816    502.8799    515.8768    511.9208    460.0097    410.0634    529.0892    600.1063    605.1132    600.1150    492.0910    561.0710    480.9616    279.9520    247.9564    236.9591    147.9750     97.9835     23.9960      9.9984  
    3816.0559     3993.9441  
   172.9861    643.9562   1669.9525   1893.0169    112.0087   1764.0779     39.0017   1515.0000  
   269.9646   4148.5778   3391.4577  
12
   495.9308    502.9298    515.9280    511.9537    460.0057    410.0371    529.0521    600.0621    605.0661    600.0672    492.0531    561.0415    480.9776    279.9720    247.9745    236.9761    147.9854     97.9904     23.9977      9.9991  
    3816.0326     3993.9674  
   172.9919    643.9744   1669.9723   1893.0099    112.0051   1764.0455     39.0010   1515.0000  
   269.9793   4148.3376   3391.6831  
13
   495.9596    502.9590    515.9579    511.9730    460.0033    410.0217    529.0305    600.0363    605.0387    600.0393    492.0311    561.0243    480.9869    279.9836    247.9851    236.9860    147.9915     97.9944     23.9986      9.9995  
    3816.0191     3993.9809  
   172.9953    643.9851   1669.9838   1893.0058    112.0030   1764.0266     39.0006   1515.0000  
   269.9879   4148.1973   3391.8148  
14
   495.9764    502.9760    515.9754    511.9842    460.0019    410.0127    529.0178    600.0212    605.0226    600.0229    492.0181    561.0142    480.9923    279.9904    247.9913    236.9918    147.9950     97.9967     23.9992      9.9997  
    3816.0111     3993.9889  
   172.9972    643.9913   1669.9905   1893.0034    112.0017   1764.0155     39.0003   1515.0000  
   269.9929   4148.1153   3391.8918  
15
   495.9862    502.9860    515.9856    511.9908    460.0011    410.0074    529.0104    600.0124    605.0132    600.0134    492.0106    561.0083    480.9955    279.9944    247.9949    236.9952    147.9971     97.9981     23.9995      9.9998  
    3816.0065     3993.9935  
   172.9984    643.9949   1669.9945   1893.0020    112.0010   1764.0091     39.0002   1515.0000  
   269.9959   4148.0674   3391.9367  
16
   495.9919    502.9918    515.9916    511.9946    460.0007    410.0043    529.0061    600.0072    605.0077    600.0078    492.0062    561.0048    480.9974    279.9967    247.9970    236.9972    147.9983     97.9989     23.9997      9.9999  
    3816.0038     3993.9962  
   172.9991    643.9970   1669.9968   1893.0012    112.0006   1764.0053     39.0001   1515.0000  
   269.9976   4148.0394   3391.9630  
17
   495.9953    502.9952    515.9951    511.9968    460.0004    410.0025    529.0036    600.0042    605.0045    600.0046    492.0036    561.0028    480.9985    279.9981    247.9983    236.9984    147.9990     97.9993     23.9998      9.9999  
    3816.0022     3993.9978  
   172.9994    643.9983   1669.9981   1893.0007    112.0003   1764.0031     39.0001   1515.0000  
   269.9986   4148.0230   3391.9784  
18
   495.9972    502.9972    515.9971    511.9982    460.0002    410.0015    529.0021    600.0025    605.0026    600.0027    492.0021    561.0017    480.9991    279.9989    247.9990    236.9990    147.9994     97.9996     23.9999     10.0000  
    3816.0013     3993.9987  
   172.9997    643.9990   1669.9989   1893.0004    112.0002   1764.0018     39.0000   1515.0000  
   269.9992   4148.0135   3391.9874  
19
   495.9984    502.9984    515.9983    511.9989    460.0001    410.0009    529.0012    600.0014    605.0015    600.0016    492.0012    561.0010    480.9995    279.9993    247.9994    236.9994    147.9997     97.9998     23.9999     10.0000  
    3816.0008     3993.9992  
   172.9998    643.9994   1669.9994   1893.0002    112.0001   1764.0011     39.0000   1515.0000  
   269.9995   4148.0079   3391.9926  
20
   495.9991    502.9990    515.9990    511.9994    460.0001    410.0005    529.0007    600.0008    605.0009    600.0009    492.0007    561.0006    480.9997    279.9996    247.9997    236.9997    147.9998     97.9999     24.0000     10.0000  
    3816.0004     3993.9996  
   172.9999    643.9997   1669.9996   1893.0001    112.0001   1764.0006     39.0000   1515.0000  
   269.9997   4148.0046   3391.9957  
21
   495.9994    502.9994    515.9994    511.9996    460.0000    410.0003    529.0004    600.0005    605.0005    600.0005    492.0004    561.0003    480.9998    279.9998    247.9998    236.9998    147.9999     97.9999     24.0000     10.0000  
    3816.0003     3993.9997  
   172.9999    643.9998   1669.9998   1893.0001    112.0000   1764.0004     39.0000   1515.0000  
   269.9998   4148.0027   3391.9975  
22
   495.9997    502.9997    515.9997    511.9998    460.0000    410.0002    529.0002    600.0003    605.0003    600.0003    492.0002    561.0002    480.9999    279.9999    247.9999    236.9999    147.9999     98.0000     24.0000     10.0000  
    3816.0002     3993.9998  
   173.0000    643.9999   1669.9999   1893.0000    112.0000   1764.0002     39.0000   1515.0000  
   269.9999   4148.0016   3391.9985  
23
   495.9998    502.9998    515.9998    511.9999    460.0000    410.0001    529.0001    600.0002    605.0002    600.0002    492.0001    561.0001    480.9999    279.9999    247.9999    236.9999    148.0000     98.0000     24.0000     10.0000  
    3816.0001     3993.9999  
   173.0000    643.9999   1669.9999   1893.0000    112.0000   1764.0001     39.0000   1515.0000  
   269.9999   4148.0009   3391.9991  
24
   495.9999    502.9999    515.9999    511.9999    460.0000    410.0001    529.0001    600.0001    605.0001    600.0001    492.0001    561.0001    481.0000    280.0000    248.0000    237.0000    148.0000     98.0000     24.0000     10.0000  
    3816.0001     3993.9999  
   173.0000    644.0000   1670.0000   1893.0000    112.0000   1764.0001     39.0000   1515.0000  
   270.0000   4148.0005   3391.9995  
25
   495.9999    502.9999    515.9999    512.0000    460.0000    410.0000    529.0000    600.0001    605.0001    600.0001    492.0000    561.0000    481.0000    280.0000    248.0000    237.0000    148.0000     98.0000     24.0000     10.0000  
    3816.0000     3994.0000  
   173.0000    644.0000   1670.0000   1893.0000    112.0000   1764.0000     39.0000   1515.0000  
   270.0000   4148.0003   3391.9997  
26
   496.0000    503.0000    516.0000    512.0000    460.0000    410.0000    529.0000    600.0000    605.0000    600.0000    492.0000    561.0000    481.0000    280.0000    248.0000    237.0000    148.0000     98.0000     24.0000     10.0000  
    3816.0000     3994.0000  
   173.0000    644.0000   1670.0000   1893.0000    112.0000   1764.0000     39.0000   1515.0000  
   270.0000   4148.0002   3391.9998  
27
   496.0000    503.0000    516.0000    512.0000    460.0000    410.0000    529.0000    600.0000    605.0000    600.0000    492.0000    561.0000    481.0000    280.0000    248.0000    237.0000    148.0000     98.0000     24.0000     10.0000  
    3816.0000     3994.0000  
   173.0000    644.0000   1670.0000   1893.0000    112.0000   1764.0000     39.0000   1515.0000  
   270.0000   4148.0001   3391.9999  
28
   496.0000    503.0000    516.0000    512.0000    460.0000    410.0000    529.0000    600.0000    605.0000    600.0000    492.0000    561.0000    481.0000    280.0000    248.0000    237.0000    148.0000     98.0000     24.0000     10.0000  
    3816.0000     3994.0000  
   173.0000    644.0000   1670.0000   1893.0000    112.0000   1764.0000     39.0000   1515.0000  
   270.0000   4148.0001   3391.9999  
29
   496.0000    503.0000    516.0000    512.0000    460.0000    410.0000    529.0000    600.0000    605.0000    600.0000    492.0000    561.0000    481.0000    280.0000    248.0000    237.0000    148.0000     98.0000     24.0000     10.0000  
    3816.0000     3994.0000  
   173.0000    644.0000   1670.0000   1893.0000    112.0000   1764.0000     39.0000   1515.0000  
   270.0000   4148.0000   3392.0000  
30
   496.0000    503.0000    516.0000    512.0000    460.0000    410.0000    529.0000    600.0000    605.0000    600.0000    492.0000    561.0000    481.0000    280.0000    248.0000    237.0000    148.0000     98.0000     24.0000     10.0000  
    3816.0000     3994.0000  
   173.0000    644.0000   1670.0000   1893.0000    112.0000   1764.0000     39.0000   1515.0000  
   270.0000   4148.0000   3392.0000  
31
   496.0000    503.0000    516.0000    512.0000    460.0000    410.0000    529.0000    600.0000    605.0000    600.0000    492.0000    561.0000    481.0000    280.0000    248.0000    237.0000    148.0000     98.0000     24.0000     10.0000  
    3816.0000     3994.0000  
   173.0000    644.0000   1670.0000   1893.0000    112.0000   1764.0000     39.0000   1515.0000  
   270.0000   4148.0000   3392.0000  
32
   496.0000    503.0000    516.0000    512.0000    460.0000    410.0000    529.0000    600.0000    605.0000    600.0000    492.0000    561.0000    481.0000    280.0000    248.0000    237.0000    148.0000     98.0000     24.0000     10.0000  
    3816.0000     3994.0000  
   173.0000    644.0000   1670.0000   1893.0000    112.0000   1764.0000     39.0000   1515.0000  
   270.0000   4148.0000   3392.0000  
33
   496.0000    503.0000    516.0000    512.0000    460.0000    410.0000    529.0000    600.0000    605.0000    600.0000    492.0000    561.0000    481.0000    280.0000    248.0000    237.0000    148.0000     98.0000     24.0000     10.0000  
    3816.0000     3994.0000  
   173.0000    644.0000   1670.0000   1893.0000    112.0000   1764.0000     39.0000   1515.0000  
   270.0000   4148.0000   3392.0000  
34
   496.0000    503.0000    516.0000    512.0000    460.0000    410.0000    529.0000    600.0000    605.0000    600.0000    492.0000    561.0000    481.0000    280.0000    248.0000    237.0000    148.0000     98.0000     24.0000     10.0000  
    3816.0000     3994.0000  
   173.0000    644.0000   1670.0000   1893.0000    112.0000   1764.0000     39.0000   1515.0000  
   270.0000   4148.0000   3392.0000  
35
   496.0000    503.0000    516.0000    512.0000    460.0000    410.0000    529.0000    600.0000    605.0000    600.0000    492.0000    561.0000    481.0000    280.0000    248.0000    237.0000    148.0000     98.0000     24.0000     10.0000  
    3816.0000     3994.0000  
   173.0000    644.0000   1670.0000   1893.0000    112.0000   1764.0000     39.0000   1515.0000  
   270.0000   4148.0000   3392.0000  
36
   496.0000    503.0000    516.0000    512.0000    460.0000    410.0000    529.0000    600.0000    605.0000    600.0000    492.0000    561.0000    481.0000    280.0000    248.0000    237.0000    148.0000     98.0000     24.0000     10.0000  
    3816.0000     3994.0000  
   173.0000    644.0000   1670.0000   1893.0000    112.0000   1764.0000     39.0000   1515.0000  
   270.0000   4148.0000   3392.0000  
37
   496.0000    503.0000    516.0000    512.0000    460.0000    410.0000    529.0000    600.0000    605.0000    600.0000    492.0000    561.0000    481.0000    280.0000    248.0000    237.0000    148.0000     98.0000     24.0000     10.0000  
    3816.0000     3994.0000  
   173.0000    644.0000   1670.0000   1893.0000    112.0000   1764.0000     39.0000   1515.0000  
   270.0000   4148.0000   3392.0000  
