0
   296.1990    278.8720    282.4515    297.8096    313.0990    319.8906    330.4886    339.9824    363.3108    381.5929    360.2075    324.0185    300.3970    221.6361    206.9038    185.2708    140.5303     83.1654     24.2655      6.9087  
 5370234.0000  5581032.0000  
   122.7080    519.1173   1049.6870   1171.9246    125.2369   1009.2518     23.0744   1036.0000  
   178.5559   2924.6504   1953.7937  
 1
   334.2554    325.6860    326.6434    358.7933    310.1184    296.8774    312.8378    351.8014    388.9586    390.3888    332.9395    326.2032    293.8676    163.4798    177.6371    147.3516    109.8699     76.2561     28.5930      4.4417  
    2520.1994     2536.8006  
   114.2831    439.6253   1076.5963   1251.6928     82.8143   1032.8290     23.1592   1036.0000  
   183.9734   2887.4785   1985.5481  
 2
   338.6526    329.9694    330.9348    353.6174    309.7203    294.1147    306.1450    343.6574    378.1127    379.8940    326.2111    322.6781    297.6160    168.6035    186.2751    156.0774    117.4051     81.7520     30.7602      4.8035  
    2498.7650     2558.2350  
   112.2547    431.8558   1079.6268   1257.0709     82.7938   1034.2328     23.1653   1036.0000  
   187.1100   2849.8323   2020.0577  
 3
   343.1265    334.3285    335.3067    356.4654    308.3485    290.2186    301.8454    338.7863    372.7270    374.7720    322.3464    320.3558    299.6654    170.9625    189.4056    158.9486    119.6982     83.3909     31.3947      4.9068  
    2498.8015     2558.1985  
   112.2975    431.8116   1080.5897   1257.6968     82.5910   1032.9140     23.0994   1036.0000  
   189.1037   2824.9552   2042.9411  
 4
   346.1522    337.2766    338.2632    358.6829    307.7745    288.0721    299.4460    336.0192    369.6063    371.6801    319.8640    318.7089    300.6840    172.2125    190.9155    160.2519    120.6934     84.0894     31.6592      4.9481  
    2497.8823     2559.1177  
   112.5323    432.5164   1081.4169   1257.5590     82.3795   1031.5348     23.0611   1036.0000  
   190.2647   2809.5846   2057.1508  
 5
   348.0489    339.1246    340.1165    360.0173    307.4705    286.8374    298.0597    334.4060    367.7644    369.8200    318.3385    317.6568    301.2339    172.9309    191.7576    160.9618    121.2261     84.4610     31.7986      4.9694  
    2497.1623     2559.8377  
   112.7100    433.0752   1082.0153   1257.3668     82.2331   1030.5624     23.0373   1036.0000  
   190.9538   2800.2597   2065.7865  
 6
   349.2098    340.2557    341.2508    360.8075    307.2893    286.1073    297.2403    333.4493    366.6664    368.7022    317.4141    317.0074    301.5460    173.3560    192.2518    161.3752    121.5345     84.6758     31.8789      4.9816  
    2496.7041     2560.2959  
   112.8236    433.4368   1082.4003   1257.2273     82.1414   1029.9479     23.0227   1036.0000  
   191.3672   2794.6271   2071.0056  
 7
   349.9147    340.9426    341.9396    361.2796    307.1778    285.6698    296.7497    332.8760    366.0073    368.0294    316.8557    316.6115    301.7282    173.6107    192.5475    161.6220    121.7184     84.8039     31.9267      4.9889  
    2496.4250     2560.5750  
   112.8933    433.6591   1082.6371   1257.1384     82.0855   1029.5729     23.0137   1036.0000  
   191.6167   2791.2246   2074.1587  
 8
   350.3420    341.3589    342.3570    361.5638    307.1090    285.4058    296.4541    332.5305    365.6099    367.6233    316.5183    316.3710    301.8364    173.7642    192.7258    161.7709    121.8293     84.8811     31.9556      4.9933  
    2496.2567     2560.7433  
   112.9354    433.7938   1082.7806   1257.0838     82.0517   1029.3463     23.0083   1036.0000  
   191.7675   2789.1667   2076.0657  
 9
   350.6009    341.6111    342.6100    361.7355    307.0666    285.2461    296.2753    332.3216    365.3697    367.3778    316.3142    316.2251    301.9011    173.8571    192.8336    161.8610    121.8964     84.9278     31.9730      4.9959  
    2496.1553     2560.8447  
   112.9609    433.8752   1082.8673   1257.0507     82.0313   1029.2096     23.0051   1036.0000  
   191.8590   2787.9206   2077.2204  
10
   350.7578    341.7640    342.7634    361.8395    307.0406    285.1494    296.1670    332.1951    365.2242    367.2292    316.1906    316.1366    301.9401    173.9133    192.8990    161.9156    121.9371     84.9562     31.9836      4.9975  
    2496.0940     2560.9060  
   112.9763    433.9244   1082.9196   1257.0307     82.0190   1029.1269     23.0031   1036.0000  
   191.9144   2787.1653   2077.9203  
11
   350.8530    341.8568    342.8564    361.9026    307.0247    285.0907    296.1014    332.1184    365.1361    367.1390    316.1156    316.0829    301.9637    173.9474    192.9387    161.9488    121.9618     84.9734     31.9901      4.9985  
    2496.0570     2560.9430  
   112.9856    433.9541   1082.9513   1257.0186     82.0115   1029.0770     23.0019   1036.0000  
   191.9480   2786.7072   2078.3447  
12
   350.9108    341.9131    342.9128    361.9409    307.0150    285.0550    296.0615    332.0719    365.0826    367.0844    316.0702    316.0503    301.9780    173.9681    192.9628    161.9689    121.9768     84.9838     31.9940      4.9991  
    2496.0346     2560.9654  
   112.9913    433.9722   1082.9704   1257.0113     82.0070   1029.0467     23.0011   1036.0000  
   191.9685   2786.4293   2078.6022  
13
   350.9458    341.9472    342.9471    361.9641    307.0091    285.0334    296.0374    332.0436    365.0501    367.0512    316.0426    316.0306    301.9866    173.9806    192.9774    161.9811    121.9859     84.9902     31.9963      4.9994  
    2496.0210     2560.9790  
   112.9947    433.9831   1082.9821   1257.0069     82.0042   1029.0283     23.0007   1036.0000  
   191.9808   2786.2606   2078.7585  
14
   350.9671    341.9680    342.9679    361.9782    307.0055    285.0203    296.0227    332.0265    365.0304    367.0311    316.0259    316.0186    301.9919    173.9882    192.9863    161.9885    121.9915     84.9940     31.9978      4.9997  
    2496.0127     2560.9873  
   112.9968    433.9898   1082.9891   1257.0042     82.0026   1029.0172     23.0004   1036.0000  
   191.9884   2786.1582   2078.8534  
15
   350.9800    341.9805    342.9805    361.9868    307.0034    285.0123    296.0138    332.0161    365.0185    367.0189    316.0157    316.0113    301.9951    173.9929    192.9917    161.9930    121.9948     84.9964     31.9986      4.9998  
    2496.0077     2560.9923  
   112.9981    433.9938   1082.9934   1257.0025     82.0016   1029.0104     23.0003   1036.0000  
   191.9929   2786.0961   2078.9110  
16
   350.9879    341.9882    342.9882    361.9920    307.0020    285.0075    296.0084    332.0098    365.0112    367.0115    316.0095    316.0068    301.9970    173.9957    192.9949    161.9958    121.9968     84.9978     31.9992      4.9999  
    2496.0047     2560.9953  
   112.9988    433.9962   1082.9960   1257.0015     82.0009   1029.0063     23.0002   1036.0000  
   191.9957   2786.0583   2078.9460  
17
   350.9926    341.9928    342.9928    361.9951    307.0012    285.0045    296.0051    332.0059    365.0068    367.0070    316.0058    316.0042    301.9982    173.9974    192.9969    161.9974    121.9981     84.9987     31.9995      4.9999  
    2496.0028     2560.9972  
   112.9993    433.9977   1082.9976   1257.0009     82.0006   1029.0038     23.0001   1036.0000  
   191.9974   2786.0354   2078.9672  
18
   350.9955    341.9956    342.9956    361.9970    307.0008    285.0028    296.0031    332.0036    365.0041    367.0042    316.0035    316.0025    301.9989    173.9984    192.9981    161.9984    121.9988     84.9992     31.9997      5.0000  
    2496.0017     2560.9983  
   112.9996    433.9986   1082.9985   1257.0006     82.0003   1029.0023     23.0001   1036.0000  
   191.9984   2786.0215   2078.9801  
19
   350.9973    341.9974    342.9973    361.9982    307.0005    285.0017    296.0019    332.0022    365.0025    367.0026    316.0021    316.0015    301.9993    173.9990    192.9989    161.9991    121.9993     84.9995     31.9998      5.0000  
    2496.0010     2560.9990  
   112.9997    433.9992   1082.9991   1257.0003     82.0002   1029.0014     23.0000   1036.0000  
   191.9990   2786.0131   2078.9879  
20
   350.9984    341.9984    342.9984    361.9989    307.0003    285.0010    296.0011    332.0013    365.0015    367.0016    316.0013    316.0009    301.9996    173.9994    192.9993    161.9994    121.9996     84.9997     31.9999      5.0000  
    2496.0006     2560.9994  
   112.9998    433.9995   1082.9995   1257.0002     82.0001   1029.0009     23.0000   1036.0000  
   191.9994   2786.0079   2078.9927  
21
   350.9990    341.9990    342.9990    361.9993    307.0002    285.0006    296.0007    332.0008    365.0009    367.0009    316.0008    316.0006    301.9998    173.9996    192.9996    161.9997    121.9997     84.9998     31.9999      5.0000  
    2496.0004     2560.9996  
   112.9999    433.9997   1082.9997   1257.0001     82.0001   1029.0005     23.0000   1036.0000  
   191.9996   2786.0048   2078.9955  
22
   350.9994    341.9994    342.9994    361.9996    307.0001    285.0004    296.0004    332.0005    365.0006    367.0006    316.0005    316.0003    301.9999    173.9998    192.9997    161.9998    121.9998     84.9999     32.0000      5.0000  
    2496.0002     2560.9998  
   112.9999    433.9998   1082.9998   1257.0001     82.0000   1029.0003     23.0000   1036.0000  
   191.9998   2786.0029   2078.9973  
23
   350.9996    341.9996    342.9996    361.9998    307.0001    285.0002    296.0003    332.0003    365.0003    367.0003    316.0003    316.0002    301.9999    173.9999    192.9998    161.9999    121.9999     84.9999     32.0000      5.0000  
    2496.0001     2560.9999  
   113.0000    433.9999   1082.9999   1257.0000     82.0000   1029.0002     23.0000   1036.0000  
   191.9999   2786.0018   2078.9984  
24
   350.9998    341.9998    342.9998    361.9999    307.0000    285.0001    296.0002    332.0002    365.0002    367.0002    316.0002    316.0001    301.9999    173.9999    192.9999    161.9999    121.9999     85.0000     32.0000      5.0000  
    2496.0001     2560.9999  
   113.0000    433.9999   1082.9999   1257.0000     82.0000   1029.0001     23.0000   1036.0000  
   191.9999   2786.0011   2078.9990  
25
   350.9999    341.9999    342.9999    361.9999    307.0000    285.0001    296.0001    332.0001    365.0001    367.0001    316.0001    316.0001    302.0000    174.0000    192.9999    162.0000    122.0000     85.0000     32.0000      5.0000  
    2496.0001     2560.9999  
   113.0000    434.0000   1083.0000   1257.0000     82.0000   1029.0001     23.0000   1036.0000  
   192.0000   2786.0007   2078.9994  
26
   350.9999    341.9999    342.9999    361.9999    307.0000    285.0001    296.0001    332.0001    365.0001    367.0001    316.0001    316.0000    302.0000    174.0000    193.0000    162.0000    122.0000     85.0000     32.0000      5.0000  
    2496.0000     2561.0000  
   113.0000    434.0000   1083.0000   1257.0000     82.0000   1029.0000     23.0000   1036.0000  
   192.0000   2786.0004   2078.9996  
27
   350.9999    342.0000    343.0000    362.0000    307.0000    285.0000    296.0000    332.0000    365.0000    367.0000    316.0000    316.0000    302.0000    174.0000    193.0000    162.0000    122.0000     85.0000     32.0000      5.0000  
    2496.0000     2561.0000  
   113.0000    434.0000   1083.0000   1257.0000     82.0000   1029.0000     23.0000   1036.0000  
   192.0000   2786.0002   2078.9998  
28
   351.0000    342.0000    343.0000    362.0000    307.0000    285.0000    296.0000    332.0000    365.0000    367.0000    316.0000    316.0000    302.0000    174.0000    193.0000    162.0000    122.0000     85.0000     32.0000      5.0000  
    2496.0000     2561.0000  
   113.0000    434.0000   1083.0000   1257.0000     82.0000   1029.0000     23.0000   1036.0000  
   192.0000   2786.0001   2078.9999  
29
   351.0000    342.0000    343.0000    362.0000    307.0000    285.0000    296.0000    332.0000    365.0000    367.0000    316.0000    316.0000    302.0000    174.0000    193.0000    162.0000    122.0000     85.0000     32.0000      5.0000  
    2496.0000     2561.0000  
   113.0000    434.0000   1083.0000   1257.0000     82.0000   1029.0000     23.0000   1036.0000  
   192.0000   2786.0001   2078.9999  
30
   351.0000    342.0000    343.0000    362.0000    307.0000    285.0000    296.0000    332.0000    365.0000    367.0000    316.0000    316.0000    302.0000    174.0000    193.0000    162.0000    122.0000     85.0000     32.0000      5.0000  
    2496.0000     2561.0000  
   113.0000    434.0000   1083.0000   1257.0000     82.0000   1029.0000     23.0000   1036.0000  
   192.0000   2786.0001   2078.9999  
31
   351.0000    342.0000    343.0000    362.0000    307.0000    285.0000    296.0000    332.0000    365.0000    367.0000    316.0000    316.0000    302.0000    174.0000    193.0000    162.0000    122.0000     85.0000     32.0000      5.0000  
    2496.0000     2561.0000  
   113.0000    434.0000   1083.0000   1257.0000     82.0000   1029.0000     23.0000   1036.0000  
   192.0000   2786.0000   2079.0000  
32
   351.0000    342.0000    343.0000    362.0000    307.0000    285.0000    296.0000    332.0000    365.0000    367.0000    316.0000    316.0000    302.0000    174.0000    193.0000    162.0000    122.0000     85.0000     32.0000      5.0000  
    2496.0000     2561.0000  
   113.0000    434.0000   1083.0000   1257.0000     82.0000   1029.0000     23.0000   1036.0000  
   192.0000   2786.0000   2079.0000  
33
   351.0000    342.0000    343.0000    362.0000    307.0000    285.0000    296.0000    332.0000    365.0000    367.0000    316.0000    316.0000    302.0000    174.0000    193.0000    162.0000    122.0000     85.0000     32.0000      5.0000  
    2496.0000     2561.0000  
   113.0000    434.0000   1083.0000   1257.0000     82.0000   1029.0000     23.0000   1036.0000  
   192.0000   2786.0000   2079.0000  
34
   351.0000    342.0000    343.0000    362.0000    307.0000    285.0000    296.0000    332.0000    365.0000    367.0000    316.0000    316.0000    302.0000    174.0000    193.0000    162.0000    122.0000     85.0000     32.0000      5.0000  
    2496.0000     2561.0000  
   113.0000    434.0000   1083.0000   1257.0000     82.0000   1029.0000     23.0000   1036.0000  
   192.0000   2786.0000   2079.0000  
35
   351.0000    342.0000    343.0000    362.0000    307.0000    285.0000    296.0000    332.0000    365.0000    367.0000    316.0000    316.0000    302.0000    174.0000    193.0000    162.0000    122.0000     85.0000     32.0000      5.0000  
    2496.0000     2561.0000  
   113.0000    434.0000   1083.0000   1257.0000     82.0000   1029.0000     23.0000   1036.0000  
   192.0000   2786.0000   2079.0000  
36
   351.0000    342.0000    343.0000    362.0000    307.0000    285.0000    296.0000    332.0000    365.0000    367.0000    316.0000    316.0000    302.0000    174.0000    193.0000    162.0000    122.0000     85.0000     32.0000      5.0000  
    2496.0000     2561.0000  
   113.0000    434.0000   1083.0000   1257.0000     82.0000   1029.0000     23.0000   1036.0000  
   192.0000   2786.0000   2079.0000  
37
   351.0000    342.0000    343.0000    362.0000    307.0000    285.0000    296.0000    332.0000    365.0000    367.0000    316.0000    316.0000    302.0000    174.0000    193.0000    162.0000    122.0000     85.0000     32.0000      5.0000  
    2496.0000     2561.0000  
   113.0000    434.0000   1083.0000   1257.0000     82.0000   1029.0000     23.0000   1036.0000  
   192.0000   2786.0000   2079.0000  
38
   351.0000    342.0000    343.0000    362.0000    307.0000    285.0000    296.0000    332.0000    365.0000    367.0000    316.0000    316.0000    302.0000    174.0000    193.0000    162.0000    122.0000     85.0000     32.0000      5.0000  
    2496.0000     2561.0000  
   113.0000    434.0000   1083.0000   1257.0000     82.0000   1029.0000     23.0000   1036.0000  
   192.0000   2786.0000   2079.0000  
39
   351.0000    342.0000    343.0000    362.0000    307.0000    285.0000    296.0000    332.0000    365.0000    367.0000    316.0000    316.0000    302.0000    174.0000    193.0000    162.0000    122.0000     85.0000     32.0000      5.0000  
    2496.0000     2561.0000  
   113.0000    434.0000   1083.0000   1257.0000     82.0000   1029.0000     23.0000   1036.0000  
   192.0000   2786.0000   2079.0000  
