                    0   10945607.999999994     
                    1   332.14562066086427     
                    2   84.446806903660118     
                    3   45.653146317169977     
                    4   24.104233628918827     
                    5   12.463287661313945     
                    6   6.3570061868572818     
                    7   3.2203629973938015     
                    8   1.6257155328052488     
                    9  0.81928978895491567     
                   10  0.41252273994673189     
                   11  0.20761840024410194     
                   12  0.10446915236010999     
                   13   5.2560879469471175E-002
                   14   2.6443162975244856E-002
                   15   1.3303083428141118E-002
                   16   6.6924525625079549E-003
                   17   3.3667845559335512E-003
                   18   1.6937287901084505E-003
                   19   8.5206293182040101E-004
                   20   4.2864632389157396E-004
                   21   2.1563852237074514E-004
                   22   1.0848095579872179E-004
                   23   5.4573349531964333E-005
                   24   2.7454129503568566E-005
                   25   1.3811306892643589E-005
                   26   6.9480312722758407E-006
                   27   3.4953362810375278E-006
                   28   1.7583926319631620E-006
                   29   8.8459281051938275E-007
