                    0   10933174.000000002     
                    1   437.55031555428587     
                    2   143.72736642048065     
                    3   79.890458305189114     
                    4   45.091374576331688     
                    5   25.331545563826403     
                    6   14.217396886455788     
                    7   7.9808511525865526     
                    8   4.4816080866587047     
                    9   2.5173848558299690     
                   10   1.4143559916195700     
                   11  0.79474640183506384     
                   12  0.44661774978925461     
                   13  0.25099550871534060     
                   14  0.14106173079352075     
                   15   7.9279369498899577E-002
                   16   4.4556966230401694E-002
                   17   2.5042263577262008E-002
                   18   1.4074500788779120E-002
                   19   7.9103051794532052E-003
                   20   4.4458411729800893E-003
                   21   2.4987045674885688E-003
                   22   1.4043521568176344E-003
                   23   7.8929113485312760E-004
                   24   4.4360708289797239E-004
                   25   2.4932150574741773E-004
                   26   1.4012674607645687E-004
                   27   7.8755759636192613E-005
                   28   4.4263283165615528E-005
                   29   2.4877398213109920E-005
                   30   1.3981899942399506E-005
                   31   7.8582811627276672E-006
                   32   4.4166077446916282E-006
                   33   2.4822784367114527E-006
                   34   1.3951199858146419E-006
                   35   7.8410057776257414E-007
