                    0   10944124.000000006     
                    1   244.81141773966382     
                    2   123.54741763887884     
                    3   73.653185723623196     
                    4   44.229663611174843     
                    5   26.595273361053966     
                    6   16.034399846320845     
                    7   9.6924594131467092     
                    8   5.8704865924434060     
                    9   3.5604391315329229     
                   10   2.1613122004451437     
                   11   1.3127301263867726     
                   12  0.79760118104310984     
                   13  0.48471934366398850     
                   14  0.29461361831652000     
                   15  0.17908150204441969     
                   16  0.10886048909557428     
                   17   6.6176383309289516E-002
                   18   4.0229423696341707E-002
                   19   2.4456228581775930E-002
                   20   1.4867506400594867E-002
                   21   9.0383383135879299E-003
                   22   5.4946515084345528E-003
                   23   3.3403531346557882E-003
                   24   2.0306964869019144E-003
                   25   1.2345193493566602E-003
                   26   7.5050041102258064E-004
                   27   4.5625124165297657E-004
                   28   2.7736856543917926E-004
                   29   1.6862053136529667E-004
                   30   1.0250939976766003E-004
                   31   6.2318491820871798E-005
                   32   3.7885252258604068E-005
                   33   2.3031566687774577E-005
                   34   1.4001568518361976E-005
                   35   8.5119678550896931E-006
                   36   5.1746776179642778E-006
                   37   3.1458387174027914E-006
                   38   1.9124478196905822E-006
                   39   1.1626349175567624E-006
                   40   7.0679953082203144E-007
