                    0   10942384.999999987     
                    1   171.85091642599602     
                    2   52.986560015622608     
                    3   29.470657525232848     
                    4   17.205290440178281     
                    5   10.017391619521776     
                    6   5.7812029815815231     
                    7   3.3187216083394557     
                    8   1.9001524376147896     
                    9   1.0868996624713336     
                   10  0.62150234525967141     
                   11  0.35534410740697131     
                   12  0.20316410990476505     
                   13  0.11615767413238519     
                   14   6.6413133092247473E-002
                   15   3.7972084183369566E-002
                   16   2.1710911103494462E-002
                   17   1.2413485287683525E-002
                   18   7.0975869064918325E-003
                   19   4.0581537572900832E-003
                   20   2.3203139532660733E-003
                   21   1.3266772669053635E-003
                   22   7.5854960588299782E-004
                   23   4.3371334213467764E-004
                   24   2.4798284085604408E-004
                   25   1.4178834132674400E-004
                   26   8.1069859525554700E-005
                   27   4.6353051094194585E-005
                   28   2.6503134734458928E-005
                   29   1.5153613755195818E-005
                   30   8.6643307826019629E-006
                   31   4.9539766866650613E-006
                   32   2.8325212392036302E-006
                   33   1.6195387469139554E-006
                   34   9.2600061035470055E-007
