0
   168.9262    159.0449    161.0883    169.8479    178.5898    182.4720    188.5075    193.9133    207.2132    217.6477    205.4626    184.8312    171.3693    126.4637    118.0958    105.7980     80.3076     47.5679     13.8927      3.9604  
 5370234.0000  5581032.0000  
    81.2773    337.0620    630.9819    669.9636     67.9220    574.9925     13.8007    509.0000  
    98.7615   1775.4549   1010.7836  
 1
   151.2883    149.3733    186.7164    212.8779    160.9389    134.4975    143.4073    188.7836    196.6004    211.8176    192.6541    182.9620    215.9354    129.3960    143.7415    112.0677     98.8127     42.6537     24.3441      6.1316  
    1412.2964     1472.7036  
   123.9737    334.6850    672.3286    737.8189     52.8649    448.3011      6.0278    509.0000  
   158.6918   1713.5709   1012.7374  
 2
   156.7406    154.7566    193.4462    204.8273    159.0314    137.9547    147.0583    192.3408    196.7054    209.2018    186.3280    176.0352    216.9770    130.8335    143.1101    110.2275     97.2336     42.1002     24.0687      6.0230  
    1414.7959     1470.2041  
   128.1819    336.2020    678.4893    730.7422     51.3864    444.9851      6.0131    509.0000  
   159.6645   1704.9712   1020.3643  
 3
   157.5370    155.5429    194.4287    204.7705    159.8338    138.0931    147.1365    192.2503    196.3518    208.4832    185.4834    175.3471    216.9105    130.8661    142.9317    109.9920     97.0171     42.0105     24.0098      6.0041  
    1413.5201     1471.4799  
   128.7528    337.4308    679.5830    729.4919     51.1138    443.6226      6.0050    509.0000  
   159.8101   1702.1474   1023.0425  
 4
   157.7998    155.8024    194.7530    204.8642    159.9719    138.0801    147.0998    192.1532    196.1862    208.2278    185.2135    175.1469    216.9398    130.9177    142.9304    109.9593     96.9714     41.9886     23.9946      5.9992  
    1413.1830     1471.8170  
   128.9137    337.8070    679.8648    729.1575     51.0399    443.2151      6.0020    509.0000  
   159.8934   1701.0410   1024.0656  
 5
   157.9030    155.9042    194.8803    204.9238    160.0003    138.0523    147.0623    192.0897    196.1021    208.1173    185.1054    175.0704    216.9636    130.9517    142.9522    109.9670     96.9732     41.9887     23.9939      5.9987  
    1413.0723     1471.9277  
   128.9654    337.9250    679.9486    729.0576     51.0163    443.0862      6.0009    509.0000  
   159.9400   1700.5435   1024.5166  
 6
   157.9494    155.9500    194.9375    204.9573    160.0044    138.0314    147.0367    192.0515    196.0569    208.0634    185.0556    175.0365    216.9788    130.9722    142.9707    109.9787     96.9820     41.9923     23.9957      5.9990  
    1413.0326     1471.9674  
   128.9842    337.9666    679.9773    729.0244     51.0076    443.0395      6.0005    509.0000  
   159.9661   1700.2955   1024.7384  
 7
   157.9725    155.9728    194.9660    204.9760    160.0036    138.0182    147.0212    192.0293    196.0320    208.0350    185.0304    175.0198    216.9879    130.9841    142.9828    109.9873     96.9891     41.9953     23.9974      5.9994  
    1413.0162     1471.9838  
   128.9920    337.9835    679.9888    729.0116     51.0038    443.0199      6.0003    509.0000  
   159.9809   1700.1640   1024.8551  
 8
   157.9847    155.9849    194.9811    204.9865    160.0023    138.0104    147.0121    192.0166    196.0180    208.0196    185.0169    175.0110    216.9931    130.9910    142.9901    109.9926     96.9936     41.9973     23.9985      5.9996  
    1413.0086     1471.9914  
   128.9957    337.9913    679.9941    729.0060     51.0021    443.0106      6.0001    509.0000  
   159.9892   1700.0919   1024.9189  
 9
   157.9914    155.9915    194.9894    204.9924    160.0014    138.0059    147.0068    192.0094    196.0102    208.0110    185.0095    175.0061    216.9961    130.9949    142.9944    109.9958     96.9963     41.9984     23.9991      5.9998  
    1413.0047     1471.9953  
   128.9977    337.9952    679.9968    729.0033     51.0011    443.0059      6.0001    509.0000  
   159.9939   1700.0518   1024.9543  
10
   157.9952    155.9952    194.9940    204.9957    160.0008    138.0034    147.0039    192.0053    196.0057    208.0062    185.0054    175.0035    216.9978    130.9971    142.9968    109.9976     96.9979     41.9991     23.9995      5.9999  
    1413.0026     1471.9974  
   128.9987    337.9973    679.9982    729.0018     51.0006    443.0033      6.0000    509.0000  
   159.9965   1700.0292   1024.9742  
11
   157.9973    155.9973    194.9966    204.9976    160.0005    138.0019    147.0022    192.0030    196.0032    208.0035    185.0030    175.0020    216.9987    130.9984    142.9982    109.9986     96.9988     41.9995     23.9997      5.9999  
    1413.0015     1471.9985  
   128.9993    337.9985    679.9990    729.0010     51.0004    443.0018      6.0000    509.0000  
   159.9980   1700.0165   1024.9854  
12
   157.9985    155.9985    194.9981    204.9986    160.0003    138.0011    147.0012    192.0017    196.0018    208.0020    185.0017    175.0011    216.9993    130.9991    142.9990    109.9992     96.9993     41.9997     23.9998      6.0000  
    1413.0008     1471.9992  
   128.9996    337.9992    679.9994    729.0006     51.0002    443.0010      6.0000    509.0000  
   159.9989   1700.0093   1024.9918  
13
   157.9991    155.9991    194.9989    204.9992    160.0001    138.0006    147.0007    192.0010    196.0010    208.0011    185.0010    175.0006    216.9996    130.9995    142.9994    109.9996     96.9996     41.9998     23.9999      6.0000  
    1413.0005     1471.9995  
   128.9998    337.9995    679.9997    729.0003     51.0001    443.0006      6.0000    509.0000  
   159.9994   1700.0053   1024.9953  
14
   157.9995    155.9995    194.9994    204.9996    160.0001    138.0003    147.0004    192.0005    196.0006    208.0006    185.0005    175.0004    216.9998    130.9997    142.9997    109.9998     96.9998     41.9999     23.9999      6.0000  
    1413.0003     1471.9997  
   128.9999    337.9997    679.9998    729.0002     51.0001    443.0003      6.0000    509.0000  
   159.9996   1700.0030   1024.9974  
15
   157.9997    155.9997    194.9997    204.9998    160.0000    138.0002    147.0002    192.0003    196.0003    208.0004    185.0003    175.0002    216.9999    130.9998    142.9998    109.9999     96.9999     41.9999     24.0000      6.0000  
    1413.0001     1471.9999  
   128.9999    337.9998    679.9999    729.0001     51.0000    443.0002      6.0000    509.0000  
   159.9998   1700.0017   1024.9985  
16
   157.9998    155.9998    194.9998    204.9999    160.0000    138.0001    147.0001    192.0002    196.0002    208.0002    185.0002    175.0001    216.9999    130.9999    142.9999    109.9999     96.9999     42.0000     24.0000      6.0000  
    1413.0001     1471.9999  
   129.0000    337.9999    679.9999    729.0001     51.0000    443.0001      6.0000    509.0000  
   159.9999   1700.0010   1024.9992  
17
   157.9999    155.9999    194.9999    204.9999    160.0000    138.0001    147.0001    192.0001    196.0001    208.0001    185.0001    175.0001    217.0000    130.9999    142.9999    110.0000     97.0000     42.0000     24.0000      6.0000  
    1413.0000     1472.0000  
   129.0000    338.0000    680.0000    729.0000     51.0000    443.0001      6.0000    509.0000  
   159.9999   1700.0005   1024.9995  
18
   157.9999    156.0000    194.9999    205.0000    160.0000    138.0000    147.0000    192.0001    196.0001    208.0001    185.0001    175.0000    217.0000    131.0000    143.0000    110.0000     97.0000     42.0000     24.0000      6.0000  
    1413.0000     1472.0000  
   129.0000    338.0000    680.0000    729.0000     51.0000    443.0000      6.0000    509.0000  
   160.0000   1700.0003   1024.9997  
19
   158.0000    156.0000    195.0000    205.0000    160.0000    138.0000    147.0000    192.0000    196.0000    208.0000    185.0000    175.0000    217.0000    131.0000    143.0000    110.0000     97.0000     42.0000     24.0000      6.0000  
    1413.0000     1472.0000  
   129.0000    338.0000    680.0000    729.0000     51.0000    443.0000      6.0000    509.0000  
   160.0000   1700.0002   1024.9998  
20
   158.0000    156.0000    195.0000    205.0000    160.0000    138.0000    147.0000    192.0000    196.0000    208.0000    185.0000    175.0000    217.0000    131.0000    143.0000    110.0000     97.0000     42.0000     24.0000      6.0000  
    1413.0000     1472.0000  
   129.0000    338.0000    680.0000    729.0000     51.0000    443.0000      6.0000    509.0000  
   160.0000   1700.0001   1024.9999  
21
   158.0000    156.0000    195.0000    205.0000    160.0000    138.0000    147.0000    192.0000    196.0000    208.0000    185.0000    175.0000    217.0000    131.0000    143.0000    110.0000     97.0000     42.0000     24.0000      6.0000  
    1413.0000     1472.0000  
   129.0000    338.0000    680.0000    729.0000     51.0000    443.0000      6.0000    509.0000  
   160.0000   1700.0001   1025.0000  
22
   158.0000    156.0000    195.0000    205.0000    160.0000    138.0000    147.0000    192.0000    196.0000    208.0000    185.0000    175.0000    217.0000    131.0000    143.0000    110.0000     97.0000     42.0000     24.0000      6.0000  
    1413.0000     1472.0000  
   129.0000    338.0000    680.0000    729.0000     51.0000    443.0000      6.0000    509.0000  
   160.0000   1700.0000   1025.0000  
23
   158.0000    156.0000    195.0000    205.0000    160.0000    138.0000    147.0000    192.0000    196.0000    208.0000    185.0000    175.0000    217.0000    131.0000    143.0000    110.0000     97.0000     42.0000     24.0000      6.0000  
    1413.0000     1472.0000  
   129.0000    338.0000    680.0000    729.0000     51.0000    443.0000      6.0000    509.0000  
   160.0000   1700.0000   1025.0000  
24
   158.0000    156.0000    195.0000    205.0000    160.0000    138.0000    147.0000    192.0000    196.0000    208.0000    185.0000    175.0000    217.0000    131.0000    143.0000    110.0000     97.0000     42.0000     24.0000      6.0000  
    1413.0000     1472.0000  
   129.0000    338.0000    680.0000    729.0000     51.0000    443.0000      6.0000    509.0000  
   160.0000   1700.0000   1025.0000  
25
   158.0000    156.0000    195.0000    205.0000    160.0000    138.0000    147.0000    192.0000    196.0000    208.0000    185.0000    175.0000    217.0000    131.0000    143.0000    110.0000     97.0000     42.0000     24.0000      6.0000  
    1413.0000     1472.0000  
   129.0000    338.0000    680.0000    729.0000     51.0000    443.0000      6.0000    509.0000  
   160.0000   1700.0000   1025.0000  
26
   158.0000    156.0000    195.0000    205.0000    160.0000    138.0000    147.0000    192.0000    196.0000    208.0000    185.0000    175.0000    217.0000    131.0000    143.0000    110.0000     97.0000     42.0000     24.0000      6.0000  
    1413.0000     1472.0000  
   129.0000    338.0000    680.0000    729.0000     51.0000    443.0000      6.0000    509.0000  
   160.0000   1700.0000   1025.0000  
27
   158.0000    156.0000    195.0000    205.0000    160.0000    138.0000    147.0000    192.0000    196.0000    208.0000    185.0000    175.0000    217.0000    131.0000    143.0000    110.0000     97.0000     42.0000     24.0000      6.0000  
    1413.0000     1472.0000  
   129.0000    338.0000    680.0000    729.0000     51.0000    443.0000      6.0000    509.0000  
   160.0000   1700.0000   1025.0000  
28
   158.0000    156.0000    195.0000    205.0000    160.0000    138.0000    147.0000    192.0000    196.0000    208.0000    185.0000    175.0000    217.0000    131.0000    143.0000    110.0000     97.0000     42.0000     24.0000      6.0000  
    1413.0000     1472.0000  
   129.0000    338.0000    680.0000    729.0000     51.0000    443.0000      6.0000    509.0000  
   160.0000   1700.0000   1025.0000  
29
   158.0000    156.0000    195.0000    205.0000    160.0000    138.0000    147.0000    192.0000    196.0000    208.0000    185.0000    175.0000    217.0000    131.0000    143.0000    110.0000     97.0000     42.0000     24.0000      6.0000  
    1413.0000     1472.0000  
   129.0000    338.0000    680.0000    729.0000     51.0000    443.0000      6.0000    509.0000  
   160.0000   1700.0000   1025.0000  
