0
  1493.5513   1406.1881   1424.2626   1501.7119   1579.0851   1613.4423   1666.7735   1714.5354   1832.1094   1924.3955   1816.7033   1634.3202   1515.3335   1118.3504   1044.4932    935.9100    710.6341    421.0790    123.0304     35.0911  
 5370234.0000  5581032.0000  
   639.0929   2694.5479   5274.1199   6046.8429    654.2655   5284.0969    120.0340   4798.0000  
   964.3071  14952.9110   9593.7819  
 1
  1574.9332   1480.0407   1544.2899   1799.6838   1567.1616   1473.5276   1568.5195   1709.2164   1762.0648   1893.3323   1905.0416   1696.5674   1515.5247    967.6590    919.8211    878.7364    682.9399    426.1049    105.1044     40.7309  
   12579.1028    12931.8972  
   721.5843   2580.4867   6159.4360   6668.8041    358.8478   4147.1974     76.6436   4798.0000  
  1374.9237  14446.0182   9690.0581  
 2
  1630.6621   1532.4062   1598.9057   1625.1069   1574.2518   1531.6296   1621.2294   1748.9951   1759.6511   1855.5294   1834.4652   1628.6760   1516.0864    980.3550    928.5879    881.4311    686.1667    429.6021    106.1768     41.0855  
   12467.0893    13043.9107  
   738.7136   2579.5879   6282.1085   6606.2341    346.7140   4083.4156     76.2262   4798.0000  
  1376.1645  14371.3697   9763.4658  
 3
  1639.1687   1540.3998   1607.2444   1611.6943   1582.0350   1534.8342   1624.9555   1750.6465   1757.6440   1848.9309   1825.5858   1621.5893   1514.9321    980.6311    928.1426    880.4910    685.5491    429.3681    106.1067     41.0511  
   12458.0722    13052.9278  
   741.6485   2588.7382   6300.1972   6594.1863    344.6990   4067.4750     76.0557   4798.0000  
  1376.3568  14350.2596   9784.3836  
 4
  1641.5908   1542.6758   1609.6186   1610.6509   1583.5552   1535.2679   1625.3608   1750.5739   1756.8290   1847.1620   1823.3009   1619.8772   1514.8299    980.7274    927.8813    879.9902    685.0457    429.0390    106.0146     41.0089  
   12455.3960    13055.6040  
   742.5760   2591.6929   6303.7528   6591.1663    344.2084   4063.5868     76.0168   4798.0000  
  1376.6041  14343.3050   9791.0909  
 5
  1642.3904   1543.4271   1610.4024   1610.7167   1583.9123   1535.2367   1625.2877   1750.3668   1756.4432   1846.5422   1822.5636   1619.3574   1514.8699    980.8211    927.8660    879.9015    684.9389    428.9650    105.9928     40.9983  
   12454.4861    13056.5139  
   742.8528   2592.5586   6304.6101   6590.3623    344.0723   4062.5373     76.0065   4798.0000  
  1376.7684  14340.5902   9793.6414  
 6
  1642.7025   1543.7204   1610.7083   1610.8280   1583.9912   1535.1541   1625.1816   1750.2163   1756.2433   1846.2779   1822.2760   1619.1679   1514.9181    980.8922    927.9064    879.9195    684.9422    428.9649    105.9918     40.9972  
   12454.1913    13056.8087  
   742.9406   2592.8270   6304.8538   6590.1309    344.0296   4062.2151     76.0030   4798.0000  
  1376.8676  14339.3583   9794.7741  
 7
  1642.8440   1543.8534   1610.8471   1610.9010   1584.0052   1535.0918   1625.1069   1750.1240   1756.1353   1846.1495   1822.1450   1619.0862   1514.9518    980.9376    927.9427    879.9484    684.9616    428.9763    105.9943     40.9979  
   12454.0865    13056.9135  
   742.9725   2592.9216   6304.9356   6590.0555    344.0139   4062.0994     76.0015   4798.0000  
  1376.9250  14338.7390   9795.3360  
 8
  1642.9152   1543.9203   1610.9168   1610.9438   1584.0054   1535.0529   1625.0613   1750.0703   1756.0757   1846.0824   1822.0790   1619.0464   1514.9724    980.9644    927.9666    879.9694    684.9769    428.9857    105.9965     40.9987  
   12454.0433    13056.9567  
   742.9860   2592.9607   6304.9682   6590.0267    344.0071   4062.0505     76.0008   4798.0000  
  1376.9577  14338.4091   9795.6332  
 9
  1642.9530   1543.9559   1610.9539   1610.9683   1584.0037   1535.0300   1625.0347   1750.0396   1756.0424   1846.0459   1822.0437   1619.0256   1514.9843    980.9799    927.9809    879.9824    684.9866    428.9917    105.9980     40.9993  
   12454.0230    13056.9770  
   742.9925   2592.9791   6304.9832   6590.0139    344.0038   4062.0270     76.0004   4798.0000  
  1376.9762  14338.2283   9795.7955  
10
  1642.9738   1543.9754   1610.9743   1610.9822   1584.0022   1535.0169   1625.0196   1750.0223   1756.0238   1846.0257   1822.0244   1619.0142   1514.9912    980.9887    927.9892    879.9900    684.9924    428.9953    105.9989     40.9996  
   12454.0126    13056.9874  
   742.9959   2592.9885   6304.9908   6590.0075    344.0021   4062.0149     76.0002   4798.0000  
  1376.9866  14338.1279   9795.8855  
11
  1642.9853   1543.9862   1610.9856   1610.9900   1584.0013   1535.0095   1625.0110   1750.0125   1756.0134   1846.0144   1822.0137   1619.0080   1514.9950    980.9936    927.9939    879.9944    684.9957    428.9973    105.9994     40.9998  
   12454.0070    13056.9930  
   742.9977   2592.9936   6304.9949   6590.0041    344.0012   4062.0083     76.0001   4798.0000  
  1376.9925  14338.0717   9795.9358  
12
  1642.9918   1543.9923   1610.9919   1610.9944   1584.0007   1535.0054   1625.0062   1750.0070   1756.0075   1846.0081   1822.0077   1619.0045   1514.9972    980.9964    927.9966    879.9968    684.9976    428.9985    105.9996     40.9999  
   12454.0039    13056.9961  
   742.9987   2592.9964   6304.9972   6590.0023    344.0007   4062.0046     76.0001   4798.0000  
  1376.9958  14338.0403   9795.9639  
13
  1642.9954   1543.9957   1610.9955   1610.9968   1584.0004   1535.0030   1625.0035   1750.0040   1756.0042   1846.0045   1822.0043   1619.0025   1514.9984    980.9980    927.9981    879.9982    684.9986    428.9992    105.9998     40.9999  
   12454.0022    13056.9978  
   742.9993   2592.9980   6304.9984   6590.0013    344.0004   4062.0026     76.0000   4798.0000  
  1376.9976  14338.0226   9795.9798  
14
  1642.9974   1543.9976   1610.9975   1610.9982   1584.0002   1535.0017   1625.0020   1750.0022   1756.0024   1846.0025   1822.0024   1619.0014   1514.9991    980.9989    927.9989    879.9990    684.9992    428.9995    105.9999     41.0000  
   12454.0012    13056.9988  
   742.9996   2592.9989   6304.9991   6590.0007    344.0002   4062.0015     76.0000   4798.0000  
  1376.9987  14338.0127   9795.9886  
15
  1642.9985   1543.9986   1610.9986   1610.9990   1584.0001   1535.0010   1625.0011   1750.0012   1756.0013   1846.0014   1822.0014   1619.0008   1514.9995    980.9994    927.9994    879.9994    684.9996    428.9997    105.9999     41.0000  
   12454.0007    13056.9993  
   742.9998   2592.9994   6304.9995   6590.0004    344.0001   4062.0008     76.0000   4798.0000  
  1376.9993  14338.0071   9795.9936  
16
  1642.9992   1543.9992   1610.9992   1610.9994   1584.0001   1535.0005   1625.0006   1750.0007   1756.0007   1846.0008   1822.0008   1619.0004   1514.9997    980.9996    927.9997    879.9997    684.9998    428.9999    106.0000     41.0000  
   12454.0004    13056.9996  
   742.9999   2592.9996   6304.9997   6590.0002    344.0001   4062.0005     76.0000   4798.0000  
  1376.9996  14338.0040   9795.9964  
17
  1642.9995   1543.9996   1610.9995   1610.9997   1584.0000   1535.0003   1625.0003   1750.0004   1756.0004   1846.0005   1822.0004   1619.0002   1514.9998    980.9998    927.9998    879.9998    684.9999    428.9999    106.0000     41.0000  
   12454.0002    13056.9998  
   742.9999   2592.9998   6304.9998   6590.0001    344.0000   4062.0003     76.0000   4798.0000  
  1376.9998  14338.0023   9795.9980  
18
  1642.9997   1543.9998   1610.9997   1610.9998   1584.0000   1535.0002   1625.0002   1750.0002   1756.0002   1846.0003   1822.0002   1619.0001   1514.9999    980.9999    927.9999    879.9999    684.9999    429.0000    106.0000     41.0000  
   12454.0001    13056.9999  
   743.0000   2592.9999   6304.9999   6590.0001    344.0000   4062.0001     76.0000   4798.0000  
  1376.9999  14338.0013   9795.9989  
19
  1642.9999   1543.9999   1610.9999   1610.9999   1584.0000   1535.0001   1625.0001   1750.0001   1756.0001   1846.0001   1822.0001   1619.0001   1515.0000    980.9999    927.9999    879.9999    685.0000    429.0000    106.0000     41.0000  
   12454.0001    13056.9999  
   743.0000   2592.9999   6305.0000   6590.0000    344.0000   4062.0001     76.0000   4798.0000  
  1376.9999  14338.0007   9795.9994  
20
  1642.9999   1543.9999   1610.9999   1610.9999   1584.0000   1535.0001   1625.0001   1750.0001   1756.0001   1846.0001   1822.0001   1619.0000   1515.0000    981.0000    928.0000    880.0000    685.0000    429.0000    106.0000     41.0000  
   12454.0000    13057.0000  
   743.0000   2593.0000   6305.0000   6590.0000    344.0000   4062.0000     76.0000   4798.0000  
  1377.0000  14338.0004   9795.9996  
21
  1643.0000   1544.0000   1611.0000   1611.0000   1584.0000   1535.0000   1625.0000   1750.0000   1756.0000   1846.0000   1822.0000   1619.0000   1515.0000    981.0000    928.0000    880.0000    685.0000    429.0000    106.0000     41.0000  
   12454.0000    13057.0000  
   743.0000   2593.0000   6305.0000   6590.0000    344.0000   4062.0000     76.0000   4798.0000  
  1377.0000  14338.0002   9795.9998  
22
  1643.0000   1544.0000   1611.0000   1611.0000   1584.0000   1535.0000   1625.0000   1750.0000   1756.0000   1846.0000   1822.0000   1619.0000   1515.0000    981.0000    928.0000    880.0000    685.0000    429.0000    106.0000     41.0000  
   12454.0000    13057.0000  
   743.0000   2593.0000   6305.0000   6590.0000    344.0000   4062.0000     76.0000   4798.0000  
  1377.0000  14338.0001   9795.9999  
23
  1643.0000   1544.0000   1611.0000   1611.0000   1584.0000   1535.0000   1625.0000   1750.0000   1756.0000   1846.0000   1822.0000   1619.0000   1515.0000    981.0000    928.0000    880.0000    685.0000    429.0000    106.0000     41.0000  
   12454.0000    13057.0000  
   743.0000   2593.0000   6305.0000   6590.0000    344.0000   4062.0000     76.0000   4798.0000  
  1377.0000  14338.0001   9795.9999  
24
  1643.0000   1544.0000   1611.0000   1611.0000   1584.0000   1535.0000   1625.0000   1750.0000   1756.0000   1846.0000   1822.0000   1619.0000   1515.0000    981.0000    928.0000    880.0000    685.0000    429.0000    106.0000     41.0000  
   12454.0000    13057.0000  
   743.0000   2593.0000   6305.0000   6590.0000    344.0000   4062.0000     76.0000   4798.0000  
  1377.0000  14338.0000   9796.0000  
25
  1643.0000   1544.0000   1611.0000   1611.0000   1584.0000   1535.0000   1625.0000   1750.0000   1756.0000   1846.0000   1822.0000   1619.0000   1515.0000    981.0000    928.0000    880.0000    685.0000    429.0000    106.0000     41.0000  
   12454.0000    13057.0000  
   743.0000   2593.0000   6305.0000   6590.0000    344.0000   4062.0000     76.0000   4798.0000  
  1377.0000  14338.0000   9796.0000  
26
  1643.0000   1544.0000   1611.0000   1611.0000   1584.0000   1535.0000   1625.0000   1750.0000   1756.0000   1846.0000   1822.0000   1619.0000   1515.0000    981.0000    928.0000    880.0000    685.0000    429.0000    106.0000     41.0000  
   12454.0000    13057.0000  
   743.0000   2593.0000   6305.0000   6590.0000    344.0000   4062.0000     76.0000   4798.0000  
  1377.0000  14338.0000   9796.0000  
27
  1643.0000   1544.0000   1611.0000   1611.0000   1584.0000   1535.0000   1625.0000   1750.0000   1756.0000   1846.0000   1822.0000   1619.0000   1515.0000    981.0000    928.0000    880.0000    685.0000    429.0000    106.0000     41.0000  
   12454.0000    13057.0000  
   743.0000   2593.0000   6305.0000   6590.0000    344.0000   4062.0000     76.0000   4798.0000  
  1377.0000  14338.0000   9796.0000  
28
  1643.0000   1544.0000   1611.0000   1611.0000   1584.0000   1535.0000   1625.0000   1750.0000   1756.0000   1846.0000   1822.0000   1619.0000   1515.0000    981.0000    928.0000    880.0000    685.0000    429.0000    106.0000     41.0000  
   12454.0000    13057.0000  
   743.0000   2593.0000   6305.0000   6590.0000    344.0000   4062.0000     76.0000   4798.0000  
  1377.0000  14338.0000   9796.0000  
29
  1643.0000   1544.0000   1611.0000   1611.0000   1584.0000   1535.0000   1625.0000   1750.0000   1756.0000   1846.0000   1822.0000   1619.0000   1515.0000    981.0000    928.0000    880.0000    685.0000    429.0000    106.0000     41.0000  
   12454.0000    13057.0000  
   743.0000   2593.0000   6305.0000   6590.0000    344.0000   4062.0000     76.0000   4798.0000  
  1377.0000  14338.0000   9796.0000  
30
  1643.0000   1544.0000   1611.0000   1611.0000   1584.0000   1535.0000   1625.0000   1750.0000   1756.0000   1846.0000   1822.0000   1619.0000   1515.0000    981.0000    928.0000    880.0000    685.0000    429.0000    106.0000     41.0000  
   12454.0000    13057.0000  
   743.0000   2593.0000   6305.0000   6590.0000    344.0000   4062.0000     76.0000   4798.0000  
  1377.0000  14338.0000   9796.0000  
31
  1643.0000   1544.0000   1611.0000   1611.0000   1584.0000   1535.0000   1625.0000   1750.0000   1756.0000   1846.0000   1822.0000   1619.0000   1515.0000    981.0000    928.0000    880.0000    685.0000    429.0000    106.0000     41.0000  
   12454.0000    13057.0000  
   743.0000   2593.0000   6305.0000   6590.0000    344.0000   4062.0000     76.0000   4798.0000  
  1377.0000  14338.0000   9796.0000  
