                    0   10939740.999999998     
                    1   440.29966279504282     
                    2   190.55137291563787     
                    3   110.51933682196065     
                    4   65.226199587169432     
                    5   38.552296331863616     
                    6   22.770277501758063     
                    7   13.446733316210262     
                    8   7.9451682527950798     
                    9   4.6976476125374713     
                   10   2.7789937874604540     
                   11   1.6445795332405795     
                   12  0.97347889046632152     
                   13  0.57632008332923124     
                   14  0.34122552005343421     
                   15  0.20204290416204684     
                   16  0.11963557517798007     
                   17   7.0841188642508560E-002
                   18   4.1948511821236753E-002
                   19   2.4839930837697366E-002
                   20   1.4709098312405191E-002
                   21   8.7100934229609357E-003
                   22   5.1577492511806254E-003
                   23   3.0542038527284258E-003
                   24   1.8085730049475402E-003
                   25   1.0709623477909267E-003
                   26   6.3417985577658720E-004
                   27   3.7553526440826089E-004
                   28   2.2237657924990123E-004
                   29   1.3168229121009482E-004
                   30   7.7976852819578737E-005
                   31   4.6174698842637576E-005
                   32   2.7342763720194802E-005
                   33   1.6191263002229405E-005
                   34   9.5878045247798326E-006
                   35   5.6775029954247644E-006
                   36   3.3619867751759043E-006
                   37   1.9908290108729696E-006
                   38   1.1788877994214431E-006
                   39   6.9808954836268842E-007
