0
   791.1860    744.9099    754.4974    795.5290    836.6582    854.9153    883.1115    908.3567    970.6106   1019.5492    962.5732    866.0075    803.0385    592.8244    553.9188    496.6532    377.4817    223.9419     65.5178     18.7192  
 5370234.0000  5581032.0000  
   357.8853   1506.8235   2885.8918   3240.1393    352.2660   2786.9087     63.0853   2327.0000  
   506.4482   7939.4187   5074.1331  
 1
   791.2437    711.3311    793.2226    988.4324    964.6785    791.6868    741.6127    796.0018    893.1746    991.2853    937.2475    929.6084    817.7370    579.6347    575.6290    492.8733    407.3372    230.2072     64.3256     22.7306  
    6553.6693     6966.3307  
   345.0305   1458.0457   3253.2730   3605.5303    195.9133   2273.5452     61.6620   2327.0000  
   802.3650   7793.0034   4924.6316  
 2
   806.2332    724.8055    808.2430    901.8060    959.4150    821.7306    766.4151    818.2306    901.1147    986.4072    915.2296    900.0195    818.3091    585.4571    581.0505    495.4269    409.7559    232.2868     65.0578     23.0058  
    6526.9793     6993.0207  
   349.7912   1434.7856   3288.0389   3589.9003    192.7901   2275.7278     61.9662   2327.0000  
   801.1885   7809.3813   4909.4301  
 3
   804.5357    723.2796    806.5417    894.6416    961.5765    823.8915    768.8257    820.6072    903.3053    988.1090    916.4814    900.4428    817.0848    584.4285    580.4164    495.1777    409.9412    232.5225     65.1431     23.0479  
    6528.4112     6991.5888  
   349.3697   1433.1425   3290.5519   3589.5312    192.7816   2275.6558     61.9673   2327.0000  
   799.6928   7820.1777   4900.1294  
 4
   803.4211    722.2775    805.4244    893.1845    961.8322    824.8874    769.8602    821.7262    904.5306    989.3830    917.5754    901.1052    816.5865    583.7911    579.7944    494.6651    409.5394    232.3034     65.0838     23.0285  
    6529.2487     6990.7513  
   349.2058   1432.6445   3290.4946   3589.6720    192.8666   2276.1376     61.9790   2327.0000  
   798.9151   7826.4101   4894.6748  
 5
   802.7797    721.7009    804.7815    892.6161    961.9224    825.4046    770.3901    822.3147    905.2035    990.1166    918.2178    901.5063    816.3171    583.4288    579.4289    494.3578    409.2898    232.1632     65.0450     23.0153  
    6529.5905     6990.4095  
   349.1154   1432.3640   3290.2979   3589.8040    192.9245   2276.5059     61.9882   2327.0000  
   798.4941   7829.8720   4891.6339  
 6
   802.4239    721.3811    804.4249    892.3302    961.9616    825.6799    770.6718    822.6304    905.5693    990.5208    918.5747    901.7311    816.1712    583.2315    579.2308    494.1920    409.1553    232.0874     65.0241     23.0082  
    6529.7748     6990.2252  
   349.0636   1432.2015   3290.1670   3589.8894    192.9584   2276.7266     61.9935   2327.0000  
   798.2667   7831.7642   4889.9691  
 7
   802.2295    721.2063    804.2301    892.1779    961.9802    825.8275    770.8231    822.8006    905.7673    990.7408    918.7697    901.8543    816.0924    583.1249    579.1243    494.1033    409.0834    232.0469     65.0129     23.0044  
    6529.8771     6990.1229  
   349.0347   1432.1101   3290.0915   3589.9391    192.9773   2276.8508     61.9965   2327.0000  
   798.1439   7832.7914   4889.0646  
 8
   802.1241    721.1115    804.1244    892.0960    961.9896    825.9070    770.9046    822.8924    905.8744    990.8600    918.8756    901.9212    816.0499    583.0674    579.0670    494.0556    409.0449    232.0253     65.0070     23.0024  
    6529.9333     6990.0667  
   349.0188   1432.0598   3290.0497   3589.9668    192.9877   2276.9191     61.9981   2327.0000  
   798.0777   7833.3473   4888.5750  
 9
   802.0670    721.0602    804.0672    892.0518    961.9944    825.9498    770.9485    822.9419    905.9322    990.9244    918.9328    901.9575    816.0269    583.0364    579.0361    494.0300    409.0242    232.0136     65.0037     23.0013  
    6529.9639     6990.0361  
   349.0102   1432.0323   3290.0269   3589.9820    192.9933   2276.9562     61.9990   2327.0000  
   798.0419   7833.6477   4888.3104  
10
   802.0362    721.0325    804.0362    892.0279    961.9970    825.9729    770.9722    822.9687    905.9634    990.9592    918.9637    901.9770    816.0145    583.0196    579.0195    494.0162    409.0131    232.0073     65.0020     23.0007  
    6529.9805     6990.0195  
   349.0055   1432.0175   3290.0146   3589.9903    192.9964   2276.9763     61.9994   2327.0000  
   798.0226   7833.8098   4888.1675  
11
   802.0195    721.0175    804.0196    892.0151    961.9984    825.9854    770.9850    822.9831    905.9803    990.9780    918.9804    901.9876    816.0078    583.0106    579.0105    494.0087    409.0070    232.0040     65.0011     23.0004  
    6529.9895     6990.0105  
   349.0030   1432.0094   3290.0079   3589.9947    192.9981   2276.9872     61.9997   2327.0000  
   798.0122   7833.8974   4888.0904  
12
   802.0105    721.0095    804.0106    892.0081    961.9991    825.9921    770.9919    822.9909    905.9893    990.9881    918.9894    901.9933    816.0042    583.0057    579.0057    494.0047    409.0038    232.0021     65.0006     23.0002  
    6529.9943     6990.0057  
   349.0016   1432.0051   3290.0042   3589.9972    192.9990   2276.9931     61.9998   2327.0000  
   798.0066   7833.9446   4888.0488  
13
   802.0057    721.0051    804.0057    892.0044    961.9995    825.9957    770.9956    822.9951    905.9943    990.9936    918.9943    901.9964    816.0023    583.0031    579.0031    494.0025    409.0021    232.0012     65.0003     23.0001  
    6529.9969     6990.0031  
   349.0009   1432.0027   3290.0023   3589.9985    192.9994   2276.9963     61.9999   2327.0000  
   798.0036   7833.9701   4888.0263  
14
   802.0031    721.0028    804.0031    892.0024    961.9997    825.9977    770.9976    822.9973    905.9969    990.9965    918.9969    901.9981    816.0012    583.0017    579.0017    494.0014    409.0011    232.0006     65.0002     23.0001  
    6529.9983     6990.0017  
   349.0005   1432.0015   3290.0012   3589.9992    192.9997   2276.9980     62.0000   2327.0000  
   798.0019   7833.9839   4888.0142  
15
   802.0017    721.0015    804.0017    892.0013    961.9999    825.9988    770.9987    822.9986    905.9983    990.9981    918.9983    901.9989    816.0007    583.0009    579.0009    494.0007    409.0006    232.0003     65.0001     23.0000  
    6529.9991     6990.0009  
   349.0003   1432.0008   3290.0007   3589.9996    192.9998   2276.9989     62.0000   2327.0000  
   798.0010   7833.9913   4888.0077  
16
   802.0009    721.0008    804.0009    892.0007    961.9999    825.9993    770.9993    822.9992    905.9991    990.9990    918.9991    901.9994    816.0004    583.0005    579.0005    494.0004    409.0003    232.0002     65.0000     23.0000  
    6529.9995     6990.0005  
   349.0001   1432.0004   3290.0004   3589.9998    192.9999   2276.9994     62.0000   2327.0000  
   798.0006   7833.9953   4888.0041  
17
   802.0005    721.0004    804.0005    892.0004    962.0000    825.9996    770.9996    822.9996    905.9995    990.9995    918.9995    901.9997    816.0002    583.0003    579.0003    494.0002    409.0002    232.0001     65.0000     23.0000  
    6529.9997     6990.0003  
   349.0001   1432.0002   3290.0002   3589.9999    193.0000   2276.9997     62.0000   2327.0000  
   798.0003   7833.9975   4888.0022  
18
   802.0003    721.0002    804.0003    892.0002    962.0000    825.9998    770.9998    822.9998    905.9997    990.9997    918.9997    901.9998    816.0001    583.0001    579.0001    494.0001    409.0001    232.0001     65.0000     23.0000  
    6529.9999     6990.0001  
   349.0000   1432.0001   3290.0001   3589.9999    193.0000   2276.9998     62.0000   2327.0000  
   798.0002   7833.9986   4888.0012  
19
   802.0001    721.0001    804.0001    892.0001    962.0000    825.9999    770.9999    822.9999    905.9999    990.9998    918.9999    901.9999    816.0001    583.0001    579.0001    494.0001    409.0001    232.0000     65.0000     23.0000  
    6529.9999     6990.0001  
   349.0000   1432.0001   3290.0001   3590.0000    193.0000   2276.9999     62.0000   2327.0000  
   798.0001   7833.9993   4888.0006  
20
   802.0001    721.0001    804.0001    892.0001    962.0000    825.9999    770.9999    822.9999    905.9999    990.9999    918.9999    902.0000    816.0000    583.0000    579.0000    494.0000    409.0000    232.0000     65.0000     23.0000  
    6530.0000     6990.0000  
   349.0000   1432.0000   3290.0000   3590.0000    193.0000   2277.0000     62.0000   2327.0000  
   798.0000   7833.9996   4888.0004  
21
   802.0000    721.0000    804.0000    892.0000    962.0000    826.0000    771.0000    823.0000    906.0000    991.0000    919.0000    902.0000    816.0000    583.0000    579.0000    494.0000    409.0000    232.0000     65.0000     23.0000  
    6530.0000     6990.0000  
   349.0000   1432.0000   3290.0000   3590.0000    193.0000   2277.0000     62.0000   2327.0000  
   798.0000   7833.9998   4888.0002  
22
   802.0000    721.0000    804.0000    892.0000    962.0000    826.0000    771.0000    823.0000    906.0000    991.0000    919.0000    902.0000    816.0000    583.0000    579.0000    494.0000    409.0000    232.0000     65.0000     23.0000  
    6530.0000     6990.0000  
   349.0000   1432.0000   3290.0000   3590.0000    193.0000   2277.0000     62.0000   2327.0000  
   798.0000   7833.9999   4888.0001  
23
   802.0000    721.0000    804.0000    892.0000    962.0000    826.0000    771.0000    823.0000    906.0000    991.0000    919.0000    902.0000    816.0000    583.0000    579.0000    494.0000    409.0000    232.0000     65.0000     23.0000  
    6530.0000     6990.0000  
   349.0000   1432.0000   3290.0000   3590.0000    193.0000   2277.0000     62.0000   2327.0000  
   798.0000   7833.9999   4888.0001  
24
   802.0000    721.0000    804.0000    892.0000    962.0000    826.0000    771.0000    823.0000    906.0000    991.0000    919.0000    902.0000    816.0000    583.0000    579.0000    494.0000    409.0000    232.0000     65.0000     23.0000  
    6530.0000     6990.0000  
   349.0000   1432.0000   3290.0000   3590.0000    193.0000   2277.0000     62.0000   2327.0000  
   798.0000   7834.0000   4888.0000  
25
   802.0000    721.0000    804.0000    892.0000    962.0000    826.0000    771.0000    823.0000    906.0000    991.0000    919.0000    902.0000    816.0000    583.0000    579.0000    494.0000    409.0000    232.0000     65.0000     23.0000  
    6530.0000     6990.0000  
   349.0000   1432.0000   3290.0000   3590.0000    193.0000   2277.0000     62.0000   2327.0000  
   798.0000   7834.0000   4888.0000  
26
   802.0000    721.0000    804.0000    892.0000    962.0000    826.0000    771.0000    823.0000    906.0000    991.0000    919.0000    902.0000    816.0000    583.0000    579.0000    494.0000    409.0000    232.0000     65.0000     23.0000  
    6530.0000     6990.0000  
   349.0000   1432.0000   3290.0000   3590.0000    193.0000   2277.0000     62.0000   2327.0000  
   798.0000   7834.0000   4888.0000  
27
   802.0000    721.0000    804.0000    892.0000    962.0000    826.0000    771.0000    823.0000    906.0000    991.0000    919.0000    902.0000    816.0000    583.0000    579.0000    494.0000    409.0000    232.0000     65.0000     23.0000  
    6530.0000     6990.0000  
   349.0000   1432.0000   3290.0000   3590.0000    193.0000   2277.0000     62.0000   2327.0000  
   798.0000   7834.0000   4888.0000  
28
   802.0000    721.0000    804.0000    892.0000    962.0000    826.0000    771.0000    823.0000    906.0000    991.0000    919.0000    902.0000    816.0000    583.0000    579.0000    494.0000    409.0000    232.0000     65.0000     23.0000  
    6530.0000     6990.0000  
   349.0000   1432.0000   3290.0000   3590.0000    193.0000   2277.0000     62.0000   2327.0000  
   798.0000   7834.0000   4888.0000  
29
   802.0000    721.0000    804.0000    892.0000    962.0000    826.0000    771.0000    823.0000    906.0000    991.0000    919.0000    902.0000    816.0000    583.0000    579.0000    494.0000    409.0000    232.0000     65.0000     23.0000  
    6530.0000     6990.0000  
   349.0000   1432.0000   3290.0000   3590.0000    193.0000   2277.0000     62.0000   2327.0000  
   798.0000   7834.0000   4888.0000  
30
   802.0000    721.0000    804.0000    892.0000    962.0000    826.0000    771.0000    823.0000    906.0000    991.0000    919.0000    902.0000    816.0000    583.0000    579.0000    494.0000    409.0000    232.0000     65.0000     23.0000  
    6530.0000     6990.0000  
   349.0000   1432.0000   3290.0000   3590.0000    193.0000   2277.0000     62.0000   2327.0000  
   798.0000   7834.0000   4888.0000  
31
   802.0000    721.0000    804.0000    892.0000    962.0000    826.0000    771.0000    823.0000    906.0000    991.0000    919.0000    902.0000    816.0000    583.0000    579.0000    494.0000    409.0000    232.0000     65.0000     23.0000  
    6530.0000     6990.0000  
   349.0000   1432.0000   3290.0000   3590.0000    193.0000   2277.0000     62.0000   2327.0000  
   798.0000   7834.0000   4888.0000  
