0
  6422.1539   6046.5366   6124.4062   6457.4788   6791.8443   6940.2456   7168.9170   7373.6324   7878.8503   8276.2766   7814.0570   7030.3992   6519.4981   4813.4602   4498.4520   4034.5429   3067.8113   1820.9570    533.0635    152.4172  
 5370234.0000  5581032.0000  
  2911.1644  12336.3373  23082.0069  26848.9720   3047.6346  23585.0905    522.7943  17431.0000  
  4130.6378  60605.0782  45029.2840  
 1
  6210.6651   5794.1364   5966.2705   6617.4468   7910.5637   8152.1338   7274.5187   6845.5094   6772.1565   7443.2851   7585.5294   7291.8746   7309.7465   4499.5130   4437.8085   3825.0015   3125.9047   1904.3120    633.4734    165.1505  
   52533.3557    57231.6443  
  2596.7911  10551.5837  24222.7912  27001.7925   1534.5380  25698.7335    727.7699  17431.0000  
  5652.8496  61779.2232  42332.9271  
 2
  6092.0774   5683.5068   5852.3738   6339.3764   8036.6888   8254.4448   7308.3879   6892.3013   6807.6726   7475.0525   7585.9015   7234.6932   7251.4496   4488.6785   4495.5636   3919.4686   3234.1417   1979.0207    660.5626    173.6379  
   52645.4087    57119.5913  
  2547.0025  10158.7217  24018.9944  27073.2747   1552.9561  26243.5566    739.4941  17431.0000  
  5643.7233  62267.2262  41854.0505  
 3
  6043.8727   5638.5387   5806.0845   6338.7011   8006.6780   8241.0348   7300.8777   6893.7079   6821.3089   7504.8998   7627.9967   7267.7214   7245.3267   4484.5114   4506.8916   3940.6587   3258.6082   1995.4142    666.6234    175.5435  
   52731.6505    57033.3495  
  2526.2537  10082.4010  23941.5407  27119.5697   1563.7815  26359.8936    740.5599  17431.0000  
  5640.9263  62403.4404  41720.6333  
 4
  6030.5651   5626.1245   5793.3051   6340.4351   7995.7517   8238.8524   7300.3300   6895.5179   6826.3173   7514.4961   7640.5631   7277.4020   7243.6407   4482.7964   4508.6616   3944.7154   3263.3069   1998.5082    667.7902    175.9205  
   52752.9909    57012.0091  
  2521.0393  10063.3449  23919.6919  27131.6563   1566.7741  26390.6415    740.8519  17431.0000  
  5639.5722  62445.4873  41679.9405  
 5
  6026.4747   5622.3086   5789.3768   6340.6406   7992.9546   8238.9690   7300.8447   6896.6374   6828.2942   7517.7365   7644.5253   7280.3254   7242.8309   4481.9172   4508.6314   3945.3194   3264.1397   1999.0676    668.0102    175.9958  
   52758.5037    57006.4963  
  2519.6357  10058.2471  23913.6436  27134.7905   1567.6071  26399.1306    740.9453  17431.0000  
  5638.8334  62460.1262  41666.0404  
 6
  6025.0536   5620.9829   5788.0119   6340.4528   7992.2460   8239.3508   7301.3225   6897.2693   6829.1625   7518.9711   7645.9306   7281.3086   7242.4275   4481.4731   4508.4000   3945.2826   3264.1970   1999.1154    668.0348    176.0070  
   52760.1086    57004.8914  
  2519.2249  10056.7771  23911.8972  27135.6343   1567.8571  26401.6320    740.9773  17431.0000  
  5638.4391  62465.9301  41660.6308  
 7
  6024.4909   5620.4579   5787.4715   6340.2681   7992.0649   8239.6322   7301.6266   6897.6127   6829.5752   7519.5004   7646.4969   7281.6847   7242.2220   4481.2460   4508.2268   3945.1769   3264.1342   1999.0804    668.0256    176.0060  
   52760.6368    57004.3632  
  2519.0907  10056.3067  23911.3466  27135.8758   1567.9410  26402.4496    740.9896  17431.0000  
  5638.2307  62468.5011  41658.2682  
 8
  6024.2419   5620.2256   5787.2323   6340.1484   7992.0179   8239.8002   7301.7996   6897.7959   6829.7809   7519.7481   7646.7508   7281.8466   7242.1159   4481.1284   4508.1232   3945.1000   3264.0781   1999.0472    668.0153    176.0037  
   52760.8358    57004.1642  
  2519.0407  10056.1354  23911.1504  27135.9519   1567.9731  26402.7535    740.9950  17431.0000  
  5638.1211  62469.7299  41657.1490  
 9
  6024.1229   5620.1147   5787.1181   6340.0798   7992.0053   8239.8935   7301.8938   6897.8927   6829.8860   7519.8705   7646.8730   7281.9225   7242.0606   4481.0672   4508.0657   3945.0542   3264.0429   1999.0260    668.0085    176.0021  
   52760.9205    57004.0795  
  2519.0196  10056.0646  23911.0710  27135.9791   1567.9869  26402.8814    740.9975  17431.0000  
  5638.0635  62470.3442  41656.5923  
10
  6024.0635   5620.0592   5787.0609   6340.0423   7992.0018   8239.9437   7301.9440   6897.9437   6829.9405   7519.9327   7646.9343   7281.9601   7242.0317   4481.0352   4508.0347   3945.0289   3264.0230   1999.0140    668.0046    176.0011  
   52760.9600    57004.0400  
  2519.0098  10056.0323  23911.0352  27135.9901   1567.9934  26402.9405    740.9987  17431.0000  
  5638.0333  62470.6587  41656.3080  
11
  6024.0330   5620.0308   5787.0317   6340.0223   7992.0007   8239.9704   7301.9706   6897.9705   6829.9689   7519.9649   7646.9658   7281.9793   7242.0166   4481.0184   4508.0183   3945.0153   3264.0122   1999.0074    668.0024    176.0006  
   52760.9794    57004.0206  
  2519.0051  10056.0165  23911.0180  27135.9951   1567.9966  26402.9695    740.9993  17431.0000  
  5638.0175  62470.8217  41656.1608  
12
  6024.0173   5620.0161   5787.0166   6340.0117   7992.0003   8239.9844   7301.9846   6897.9845   6829.9837   7519.9816   7646.9821   7281.9892   7242.0087   4481.0097   4508.0096   3945.0080   3264.0064   1999.0039    668.0013    176.0003  
   52760.9893    57004.0107  
  2519.0026  10056.0086  23911.0093  27135.9975   1567.9982  26402.9842    740.9996  17431.0000  
  5638.0092  62470.9067  41656.0842  
13
  6024.0090   5620.0084   5787.0087   6340.0062   7992.0001   8239.9918   7301.9919   6897.9919   6829.9914   7519.9904   7646.9906   7281.9943   7242.0046   4481.0051   4508.0050   3945.0042   3264.0034   1999.0020    668.0007    176.0002  
   52760.9944    57004.0056  
  2519.0014  10056.0045  23911.0048  27135.9987   1567.9991  26402.9917    740.9998  17431.0000  
  5638.0048  62470.9511  41656.0441  
14
  6024.0047   5620.0044   5787.0045   6340.0032   7992.0001   8239.9957   7301.9957   6897.9957   6829.9955   7519.9950   7646.9951   7281.9970   7242.0024   4481.0027   4508.0026   3945.0022   3264.0018   1999.0011    668.0004    176.0001  
   52760.9971    57004.0029  
  2519.0007  10056.0023  23911.0025  27135.9993   1567.9995  26402.9957    740.9999  17431.0000  
  5638.0025  62470.9744  41656.0231  
15
  6024.0025   5620.0023   5787.0024   6340.0017   7992.0000   8239.9978   7301.9978   6897.9978   6829.9976   7519.9974   7646.9974   7281.9984   7242.0013   4481.0014   4508.0014   3945.0012   3264.0009   1999.0006    668.0002    176.0000  
   52760.9985    57004.0015  
  2519.0004  10056.0012  23911.0013  27135.9996   1567.9997  26402.9977    740.9999  17431.0000  
  5638.0013  62470.9866  41656.0121  
16
  6024.0013   5620.0012   5787.0012   6340.0009   7992.0000   8239.9988   7301.9988   6897.9988   6829.9988   7519.9986   7646.9987   7281.9992   7242.0007   4481.0007   4508.0007   3945.0006   3264.0005   1999.0003    668.0001    176.0000  
   52760.9992    57004.0008  
  2519.0002  10056.0006  23911.0007  27135.9998   1567.9999  26402.9988    741.0000  17431.0000  
  5638.0007  62470.9930  41656.0063  
17
  6024.0007   5620.0006   5787.0007   6340.0005   7992.0000   8239.9994   7301.9994   6897.9994   6829.9994   7519.9993   7646.9993   7281.9996   7242.0003   4481.0004   4508.0004   3945.0003   3264.0003   1999.0002    668.0001    176.0000  
   52760.9996    57004.0004  
  2519.0001  10056.0003  23911.0004  27135.9999   1567.9999  26402.9994    741.0000  17431.0000  
  5638.0004  62470.9963  41656.0033  
18
  6024.0004   5620.0003   5787.0003   6340.0002   7992.0000   8239.9997   7301.9997   6897.9997   6829.9997   7519.9996   7646.9996   7281.9998   7242.0002   4481.0002   4508.0002   3945.0002   3264.0001   1999.0001    668.0000    176.0000  
   52760.9998    57004.0002  
  2519.0001  10056.0002  23911.0002  27135.9999   1568.0000  26402.9997    741.0000  17431.0000  
  5638.0002  62470.9981  41656.0017  
19
  6024.0002   5620.0002   5787.0002   6340.0001   7992.0000   8239.9998   7301.9998   6897.9998   6829.9998   7519.9998   7646.9998   7281.9999   7242.0001   4481.0001   4508.0001   3945.0001   3264.0001   1999.0000    668.0000    176.0000  
   52760.9999    57004.0001  
  2519.0000  10056.0001  23911.0001  27136.0000   1568.0000  26402.9998    741.0000  17431.0000  
  5638.0001  62470.9990  41656.0009  
20
  6024.0001   5620.0001   5787.0001   6340.0001   7992.0000   8239.9999   7301.9999   6897.9999   6829.9999   7519.9999   7646.9999   7281.9999   7242.0000   4481.0001   4508.0001   3945.0000   3264.0000   1999.0000    668.0000    176.0000  
   52760.9999    57004.0001  
  2519.0000  10056.0000  23911.0001  27136.0000   1568.0000  26402.9999    741.0000  17431.0000  
  5638.0001  62470.9995  41656.0005  
21
  6024.0001   5620.0000   5787.0000   6340.0000   7992.0000   8240.0000   7302.0000   6898.0000   6830.0000   7519.9999   7646.9999   7282.0000   7242.0000   4481.0000   4508.0000   3945.0000   3264.0000   1999.0000    668.0000    176.0000  
   52761.0000    57004.0000  
  2519.0000  10056.0000  23911.0000  27136.0000   1568.0000  26403.0000    741.0000  17431.0000  
  5638.0000  62470.9997  41656.0003  
22
  6024.0000   5620.0000   5787.0000   6340.0000   7992.0000   8240.0000   7302.0000   6898.0000   6830.0000   7520.0000   7647.0000   7282.0000   7242.0000   4481.0000   4508.0000   3945.0000   3264.0000   1999.0000    668.0000    176.0000  
   52761.0000    57004.0000  
  2519.0000  10056.0000  23911.0000  27136.0000   1568.0000  26403.0000    741.0000  17431.0000  
  5638.0000  62470.9999  41656.0001  
23
  6024.0000   5620.0000   5787.0000   6340.0000   7992.0000   8240.0000   7302.0000   6898.0000   6830.0000   7520.0000   7647.0000   7282.0000   7242.0000   4481.0000   4508.0000   3945.0000   3264.0000   1999.0000    668.0000    176.0000  
   52761.0000    57004.0000  
  2519.0000  10056.0000  23911.0000  27136.0000   1568.0000  26403.0000    741.0000  17431.0000  
  5638.0000  62470.9999  41656.0001  
24
  6024.0000   5620.0000   5787.0000   6340.0000   7992.0000   8240.0000   7302.0000   6898.0000   6830.0000   7520.0000   7647.0000   7282.0000   7242.0000   4481.0000   4508.0000   3945.0000   3264.0000   1999.0000    668.0000    176.0000  
   52761.0000    57004.0000  
  2519.0000  10056.0000  23911.0000  27136.0000   1568.0000  26403.0000    741.0000  17431.0000  
  5638.0000  62471.0000  41656.0000  
25
  6024.0000   5620.0000   5787.0000   6340.0000   7992.0000   8240.0000   7302.0000   6898.0000   6830.0000   7520.0000   7647.0000   7282.0000   7242.0000   4481.0000   4508.0000   3945.0000   3264.0000   1999.0000    668.0000    176.0000  
   52761.0000    57004.0000  
  2519.0000  10056.0000  23911.0000  27136.0000   1568.0000  26403.0000    741.0000  17431.0000  
  5638.0000  62471.0000  41656.0000  
26
  6024.0000   5620.0000   5787.0000   6340.0000   7992.0000   8240.0000   7302.0000   6898.0000   6830.0000   7520.0000   7647.0000   7282.0000   7242.0000   4481.0000   4508.0000   3945.0000   3264.0000   1999.0000    668.0000    176.0000  
   52761.0000    57004.0000  
  2519.0000  10056.0000  23911.0000  27136.0000   1568.0000  26403.0000    741.0000  17431.0000  
  5638.0000  62471.0000  41656.0000  
27
  6024.0000   5620.0000   5787.0000   6340.0000   7992.0000   8240.0000   7302.0000   6898.0000   6830.0000   7520.0000   7647.0000   7282.0000   7242.0000   4481.0000   4508.0000   3945.0000   3264.0000   1999.0000    668.0000    176.0000  
   52761.0000    57004.0000  
  2519.0000  10056.0000  23911.0000  27136.0000   1568.0000  26403.0000    741.0000  17431.0000  
  5638.0000  62471.0000  41656.0000  
28
  6024.0000   5620.0000   5787.0000   6340.0000   7992.0000   8240.0000   7302.0000   6898.0000   6830.0000   7520.0000   7647.0000   7282.0000   7242.0000   4481.0000   4508.0000   3945.0000   3264.0000   1999.0000    668.0000    176.0000  
   52761.0000    57004.0000  
  2519.0000  10056.0000  23911.0000  27136.0000   1568.0000  26403.0000    741.0000  17431.0000  
  5638.0000  62471.0000  41656.0000  
29
  6024.0000   5620.0000   5787.0000   6340.0000   7992.0000   8240.0000   7302.0000   6898.0000   6830.0000   7520.0000   7647.0000   7282.0000   7242.0000   4481.0000   4508.0000   3945.0000   3264.0000   1999.0000    668.0000    176.0000  
   52761.0000    57004.0000  
  2519.0000  10056.0000  23911.0000  27136.0000   1568.0000  26403.0000    741.0000  17431.0000  
  5638.0000  62471.0000  41656.0000  
30
  6024.0000   5620.0000   5787.0000   6340.0000   7992.0000   8240.0000   7302.0000   6898.0000   6830.0000   7520.0000   7647.0000   7282.0000   7242.0000   4481.0000   4508.0000   3945.0000   3264.0000   1999.0000    668.0000    176.0000  
   52761.0000    57004.0000  
  2519.0000  10056.0000  23911.0000  27136.0000   1568.0000  26403.0000    741.0000  17431.0000  
  5638.0000  62471.0000  41656.0000  
31
  6024.0000   5620.0000   5787.0000   6340.0000   7992.0000   8240.0000   7302.0000   6898.0000   6830.0000   7520.0000   7647.0000   7282.0000   7242.0000   4481.0000   4508.0000   3945.0000   3264.0000   1999.0000    668.0000    176.0000  
   52761.0000    57004.0000  
  2519.0000  10056.0000  23911.0000  27136.0000   1568.0000  26403.0000    741.0000  17431.0000  
  5638.0000  62471.0000  41656.0000  
