0
   805.7742    758.6442    768.4057    810.1930    852.0498    870.6312    899.3592    925.0820    988.4901   1038.3199    980.2776    881.9208    817.7772    603.6694    563.9989    505.6222    384.2177    227.8798     66.6512     19.0361  
 5370234.0000  5581032.0000  
   378.5399   1575.6842   2966.7143   3280.4410    341.6309   2824.3092     65.6804   2335.0000  
   505.2428   8305.4173   4957.3399  
 1
   741.0343    755.6981    786.0023    970.6874    881.3573    670.0423    698.4079    786.1156    902.4698   1032.9750   1009.2713    973.2793    934.7116    630.4327    632.4519    558.7289    460.0851    266.5777     59.4779     18.1935  
    6654.8516     7113.1484  
   556.2091   1661.0380   3391.3372   3489.8620    239.8803   2064.9679     29.7055   2335.0000  
   994.2926   8006.6387   4767.0687  
 2
   768.6242    783.8346    815.2696    894.7823    880.8730    702.8353    738.6395    825.5873    926.6571   1038.1652    977.7003    926.8468    932.7128    629.4158    617.8108    536.8414    440.8230    256.0705     57.1503     17.3601  
    6667.7196     7100.2804  
   584.0298   1656.2368   3424.7868   3443.9407    231.9362   2062.1617     29.9080   2335.0000  
   989.2638   8043.2551   4735.4811  
 3
   765.1498    780.2912    811.5831    887.9196    888.5707    709.6671    745.9195    832.9935    933.9349   1044.2910    981.6703    928.1859    928.1735    624.1960    611.4734    530.8771    436.0514    253.3621     56.5295     17.1605  
    6662.6232     7105.3768  
   585.2973   1659.1731   3428.0971   3439.1947    231.3764   2059.9178     29.9436   2335.0000  
   983.0262   8074.9316   4710.0422  
 4
   762.1465    777.2284    808.3976    884.7098    890.1921    712.7959    749.3590    836.7821    938.0851   1048.5471    985.1870    930.1532    926.1943    621.7172    608.7405    528.3745    433.9405    252.1254     56.2495     17.0741  
    6663.0001     7104.9999  
   584.9862   1658.9073   3428.1265   3438.8890    231.5342   2060.5913     29.9656   2335.0000  
   979.7303   8094.6356   4693.6341  
 5
   760.2877    775.3329    806.4262    882.9792    890.6922    714.3442    751.1027    838.7750    940.3704   1051.0347    987.3484    931.4171    925.1605    620.4297    607.4083    527.2002    432.9703    251.5606     56.1235     17.0362  
    6663.7386     7104.2614  
   584.6011   1658.2087   3427.7371   3439.2333    231.7181   2061.5211     29.9806   2335.0000  
   977.9762   8105.8426   4684.1812  
 6
   759.2339    774.2583    805.3086    882.0511    890.8692    715.1351    752.0046    839.8254    941.6020   1052.4111    988.5704    932.1431    924.6137    619.7538    606.7335    526.6197    432.4980    251.2871     56.0630     17.0183  
    6664.2784     7103.7216  
   584.3387   1657.6916   3427.4268   3439.5476    231.8416   2062.1642     29.9894   2335.0000  
   977.0454   8111.9744   4678.9803  
 7
   758.6584    773.6714    804.6983    881.5566    890.9394    715.5457    752.4760    840.3798    942.2592   1053.1548    989.2373    932.5420    924.3244    619.3978    606.3846    526.3235    432.2592    251.1493     56.0327     17.0095  
    6664.6041     7103.3959  
   584.1845   1657.3794   3427.2353   3439.7485    231.9138   2062.5441     29.9943   2335.0000  
   976.5525   8115.2693   4676.1782  
 8
   758.3495    773.3564    804.3707    881.2944    890.9703    715.7608    752.7237    840.6725    942.6081   1053.5520    989.5951    932.7567    924.1714    619.2100    606.2024    526.1699    432.1359    251.0782     56.0171     17.0050  
    6664.7870     7103.2130  
   584.0989   1657.2041   3427.1269   3439.8639    231.9538   2062.7554     29.9970   2335.0000  
   976.2919   8117.0244   4674.6837  
 9
   758.1850    773.1887    804.1962    881.1556    890.9849    715.8738    752.8542    840.8270    942.7929   1053.7630    989.7857    932.8711    924.0905    619.1109    606.1067    526.0894    432.0715    251.0411     56.0090     17.0026  
    6664.8865     7103.1135  
   584.0526   1657.1088   3427.0677   3439.9272    231.9754   2062.8698     29.9984   2335.0000  
   976.1542   8117.9553   4673.8905  
10
   758.0978    773.0998    804.1038    881.0822    890.9922    715.9334    752.9231    840.9087    942.8906   1053.8747    989.8867    932.9318    924.0478    619.0585    606.0563    526.0472    432.0377    251.0217     56.0047     17.0014  
    6664.9398     7103.0602  
   584.0279   1657.0577   3427.0360   3439.9613    231.9870   2062.9310     29.9992   2335.0000  
   976.0814   8118.4479   4673.4706  
11
   758.0517    773.0527    804.0548    881.0434    890.9959    715.9649    752.9594    840.9518    942.9422   1053.9338    989.9401    932.9640    924.0253    619.0309    606.0297    526.0249    432.0199    251.0114     56.0025     17.0007  
    6664.9681     7103.0319  
   584.0148   1657.0305   3427.0190   3439.9795    231.9931   2062.9635     29.9996   2335.0000  
   976.0430   8118.7084   4673.2486  
12
   758.0273    773.0279    804.0290    881.0229    890.9979    715.9814    752.9785    840.9745    942.9695   1053.9650    989.9684    932.9810    924.0133    619.0163    606.0157    526.0131    432.0105    251.0060     56.0013     17.0004  
    6664.9831     7103.0169  
   584.0078   1657.0161   3427.0101   3439.9892    231.9964   2062.9807     29.9998   2335.0000  
   976.0227   8118.8460   4673.1313  
13
   758.0144    773.0147    804.0153    881.0121    890.9989    715.9902    752.9887    840.9865    942.9839   1053.9815    989.9833    932.9899    924.0070    619.0086    606.0083    526.0069    432.0055    251.0032     56.0007     17.0002  
    6664.9911     7103.0089  
   584.0041   1657.0085   3427.0053   3439.9943    231.9981   2062.9898     29.9999   2335.0000  
   976.0120   8118.9187   4673.0694  
14
   758.0076    773.0078    804.0081    881.0064    890.9994    715.9948    752.9940    840.9929    942.9915   1053.9903    989.9912    932.9947    924.0037    619.0046    606.0044    526.0037    432.0029    251.0017     56.0004     17.0001  
    6664.9953     7103.0047  
   584.0022   1657.0045   3427.0028   3439.9970    231.9990   2062.9946     29.9999   2335.0000  
   976.0063   8118.9570   4673.0366  
15
   758.0040    773.0041    804.0043    881.0034    890.9997    715.9973    752.9968    840.9962    942.9955   1053.9949    989.9953    932.9972    924.0020    619.0024    606.0023    526.0019    432.0015    251.0009     56.0002     17.0001  
    6664.9975     7103.0025  
   584.0012   1657.0024   3427.0015   3439.9984    231.9995   2062.9972     30.0000   2335.0000  
   976.0033   8118.9773   4673.0193  
16
   758.0021    773.0022    804.0023    881.0018    890.9998    715.9986    752.9983    840.9980    942.9976   1053.9973    989.9975    932.9985    924.0010    619.0013    606.0012    526.0010    432.0008    251.0005     56.0001     17.0000  
    6664.9987     7103.0013  
   584.0006   1657.0013   3427.0008   3439.9992    231.9997   2062.9985     30.0000   2335.0000  
   976.0018   8118.9880   4673.0102  
17
   758.0011    773.0011    804.0012    881.0009    890.9999    715.9992    752.9991    840.9990    942.9987   1053.9986    989.9987    932.9992    924.0005    619.0007    606.0006    526.0005    432.0004    251.0002     56.0001     17.0000  
    6664.9993     7103.0007  
   584.0003   1657.0007   3427.0004   3439.9996    231.9999   2062.9992     30.0000   2335.0000  
   976.0009   8118.9937   4673.0054  
18
   758.0006    773.0006    804.0006    881.0005    891.0000    715.9996    752.9995    840.9994    942.9993   1053.9992    989.9993    932.9996    924.0003    619.0004    606.0003    526.0003    432.0002    251.0001     56.0000     17.0000  
    6664.9996     7103.0004  
   584.0002   1657.0004   3427.0002   3439.9998    231.9999   2062.9996     30.0000   2335.0000  
   976.0005   8118.9967   4673.0028  
19
   758.0003    773.0003    804.0003    881.0003    891.0000    715.9998    752.9998    840.9997    942.9997   1053.9996    989.9996    932.9998    924.0002    619.0002    606.0002    526.0002    432.0001    251.0001     56.0000     17.0000  
    6664.9998     7103.0002  
   584.0001   1657.0002   3427.0001   3439.9999    232.0000   2062.9998     30.0000   2335.0000  
   976.0003   8118.9982   4673.0015  
20
   758.0002    773.0002    804.0002    881.0001    891.0000    715.9999    752.9999    840.9998    942.9998   1053.9998    989.9998    932.9999    924.0001    619.0001    606.0001    526.0001    432.0001    251.0000     56.0000     17.0000  
    6664.9999     7103.0001  
   584.0000   1657.0001   3427.0001   3439.9999    232.0000   2062.9999     30.0000   2335.0000  
   976.0001   8118.9991   4673.0008  
21
   758.0001    773.0001    804.0001    881.0001    891.0000    715.9999    752.9999    840.9999    942.9999   1053.9999    989.9999    932.9999    924.0000    619.0001    606.0001    526.0000    432.0000    251.0000     56.0000     17.0000  
    6664.9999     7103.0001  
   584.0000   1657.0001   3427.0000   3440.0000    232.0000   2062.9999     30.0000   2335.0000  
   976.0001   8118.9995   4673.0004  
22
   758.0000    773.0000    804.0000    881.0000    891.0000    716.0000    753.0000    841.0000    942.9999   1053.9999    989.9999    933.0000    924.0000    619.0000    606.0000    526.0000    432.0000    251.0000     56.0000     17.0000  
    6665.0000     7103.0000  
   584.0000   1657.0000   3427.0000   3440.0000    232.0000   2063.0000     30.0000   2335.0000  
   976.0000   8118.9997   4673.0002  
23
   758.0000    773.0000    804.0000    881.0000    891.0000    716.0000    753.0000    841.0000    943.0000   1054.0000    990.0000    933.0000    924.0000    619.0000    606.0000    526.0000    432.0000    251.0000     56.0000     17.0000  
    6665.0000     7103.0000  
   584.0000   1657.0000   3427.0000   3440.0000    232.0000   2063.0000     30.0000   2335.0000  
   976.0000   8118.9999   4673.0001  
24
   758.0000    773.0000    804.0000    881.0000    891.0000    716.0000    753.0000    841.0000    943.0000   1054.0000    990.0000    933.0000    924.0000    619.0000    606.0000    526.0000    432.0000    251.0000     56.0000     17.0000  
    6665.0000     7103.0000  
   584.0000   1657.0000   3427.0000   3440.0000    232.0000   2063.0000     30.0000   2335.0000  
   976.0000   8118.9999   4673.0001  
25
   758.0000    773.0000    804.0000    881.0000    891.0000    716.0000    753.0000    841.0000    943.0000   1054.0000    990.0000    933.0000    924.0000    619.0000    606.0000    526.0000    432.0000    251.0000     56.0000     17.0000  
    6665.0000     7103.0000  
   584.0000   1657.0000   3427.0000   3440.0000    232.0000   2063.0000     30.0000   2335.0000  
   976.0000   8119.0000   4673.0000  
26
   758.0000    773.0000    804.0000    881.0000    891.0000    716.0000    753.0000    841.0000    943.0000   1054.0000    990.0000    933.0000    924.0000    619.0000    606.0000    526.0000    432.0000    251.0000     56.0000     17.0000  
    6665.0000     7103.0000  
   584.0000   1657.0000   3427.0000   3440.0000    232.0000   2063.0000     30.0000   2335.0000  
   976.0000   8119.0000   4673.0000  
27
   758.0000    773.0000    804.0000    881.0000    891.0000    716.0000    753.0000    841.0000    943.0000   1054.0000    990.0000    933.0000    924.0000    619.0000    606.0000    526.0000    432.0000    251.0000     56.0000     17.0000  
    6665.0000     7103.0000  
   584.0000   1657.0000   3427.0000   3440.0000    232.0000   2063.0000     30.0000   2335.0000  
   976.0000   8119.0000   4673.0000  
28
   758.0000    773.0000    804.0000    881.0000    891.0000    716.0000    753.0000    841.0000    943.0000   1054.0000    990.0000    933.0000    924.0000    619.0000    606.0000    526.0000    432.0000    251.0000     56.0000     17.0000  
    6665.0000     7103.0000  
   584.0000   1657.0000   3427.0000   3440.0000    232.0000   2063.0000     30.0000   2335.0000  
   976.0000   8119.0000   4673.0000  
29
   758.0000    773.0000    804.0000    881.0000    891.0000    716.0000    753.0000    841.0000    943.0000   1054.0000    990.0000    933.0000    924.0000    619.0000    606.0000    526.0000    432.0000    251.0000     56.0000     17.0000  
    6665.0000     7103.0000  
   584.0000   1657.0000   3427.0000   3440.0000    232.0000   2063.0000     30.0000   2335.0000  
   976.0000   8119.0000   4673.0000  
30
   758.0000    773.0000    804.0000    881.0000    891.0000    716.0000    753.0000    841.0000    943.0000   1054.0000    990.0000    933.0000    924.0000    619.0000    606.0000    526.0000    432.0000    251.0000     56.0000     17.0000  
    6665.0000     7103.0000  
   584.0000   1657.0000   3427.0000   3440.0000    232.0000   2063.0000     30.0000   2335.0000  
   976.0000   8119.0000   4673.0000  
31
   758.0000    773.0000    804.0000    881.0000    891.0000    716.0000    753.0000    841.0000    943.0000   1054.0000    990.0000    933.0000    924.0000    619.0000    606.0000    526.0000    432.0000    251.0000     56.0000     17.0000  
    6665.0000     7103.0000  
   584.0000   1657.0000   3427.0000   3440.0000    232.0000   2063.0000     30.0000   2335.0000  
   976.0000   8119.0000   4673.0000  
32
   758.0000    773.0000    804.0000    881.0000    891.0000    716.0000    753.0000    841.0000    943.0000   1054.0000    990.0000    933.0000    924.0000    619.0000    606.0000    526.0000    432.0000    251.0000     56.0000     17.0000  
    6665.0000     7103.0000  
   584.0000   1657.0000   3427.0000   3440.0000    232.0000   2063.0000     30.0000   2335.0000  
   976.0000   8119.0000   4673.0000  
