                    0   10941361.999999989     
                    1   236.28614725028675     
                    2   37.334929204804510     
                    3   13.676203075497734     
                    4   6.6376854202746598     
                    5   3.5190638917502706     
                    6   1.9232604230117070     
                    7   1.0644706238674115     
                    8  0.59190212419750821     
                    9  0.32979900950920493     
                   10  0.18390578090688506     
                   11  0.10258719516563322     
                   12   5.7234658974668867E-002
                   13   3.1934195161241345E-002
                   14   1.7818332388623924E-002
                   15   9.9422516592452079E-003
                   16   5.5476055631660352E-003
                   17   3.0954792812638984E-003
                   18   1.7272331444638021E-003
                   19   9.6377218750986799E-004
                   20   5.3777177267568606E-004
                   21   3.0006939976765429E-004
                   22   1.6743469849912122E-004
                   23   9.3426319871336148E-005
                   24   5.2130638639225166E-005
                   25   2.9088199933900629E-005
                   26   1.6230827773872720E-005
                   27   9.0565837225827645E-006
                   28   5.0534544196943992E-006
                   29   2.8197599407017715E-006
                   30   1.5733885604449888E-006
                   31   8.7792978716938821E-007
