0
   476.2648    448.4048    454.1620    478.8571    503.4589    514.3863    531.4203    546.6786    584.1852    613.5878    579.2107    521.0277    483.0539    356.4228    332.7616    298.0091    226.0905    133.8331     39.0599     11.1248  
 5370234.0000  5581032.0000  
   191.7153    808.7332   1671.3326   1914.7536    198.2144   1662.8854     38.3655   1646.0000  
   292.3852   4588.8910   3250.7237  
 1
   537.3744    490.8542    534.5348    528.7225    445.2319    378.4323    562.2177    614.6448    692.3151    689.5836    604.5684    498.1928    478.8830    256.1752    230.9539    232.0527    183.8709    117.1434     46.7131      9.5354  
    4037.5132     4094.4868  
   202.2928    786.8175   1669.1443   1844.1124    129.5615   1805.1062     48.9653   1646.0000  
   320.9065   4505.4520   3305.6414  
 2
   547.4434    500.0503    544.5438    544.6361    458.6570    375.0565    550.5786    601.4707    677.0828    673.9017    591.6193    490.5820    480.9027    259.2530    234.6072    236.5339    187.8845    119.7431     47.7103      9.7430  
    4012.5302     4119.4698  
   203.8674    787.3912   1666.2835   1842.8898    128.2945   1808.0064     49.2672   1646.0000  
   325.2462   4447.6099   3359.1439  
 3
   554.5762    506.5655    551.6381    551.1949    458.1364    371.2119    544.3064    594.4658    669.1400    666.2429    585.4777    487.4016    483.5931    262.0379    237.2964    239.3084    190.1106    121.1643     48.2753      9.8568  
    4009.7101     4122.2899  
   204.6260    789.6873   1667.4871   1842.4904    127.8344   1804.6993     49.1755   1646.0000  
   328.0043   4411.6997   3392.2960  
 4
   559.0986    510.6962    556.1360    554.4744    457.6958    369.0673    540.8789    590.5758    664.5939    661.7007    581.6883    485.2971    485.0547    263.6598    238.8194    240.8348    191.3093    121.9259     48.5764      9.9165  
    4007.8550     4124.1450  
   205.1601    791.3475   1668.7838   1841.9708    127.5103   1802.1199     49.1077   1646.0000  
   329.6193   4390.1322   3412.2485  
 5
   561.8502    513.2096    558.8727    556.3176    457.4319    367.8274    538.9026    588.3192    661.9303    659.0029    579.4073    483.9916    485.8643    264.6061    239.7012    241.7113    191.9943    122.3610     48.7481      9.9504  
    4006.7065     4125.2935  
   205.4950    792.4023   1669.6585   1841.5960    127.3066   1800.4767     49.0650   1646.0000  
   330.5745   4377.2497   3424.1758  
 6
   563.5067    514.7226    560.5202    557.3964    457.2671    367.0948    537.7373    586.9864    660.3524    657.3973    578.0426    483.1992    486.3282    265.1656    240.2219    242.2277    192.3972    122.6170     48.8490      9.9703  
    4006.0184     4125.9816  
   205.6976    793.0431   1670.1963   1841.3591    127.1835   1799.4814     49.0391   1646.0000  
   331.1442   4369.5500   3431.3058  
 7
   564.5014    515.6312    561.5095    558.0377    457.1640    366.6577    537.0429    586.1922    659.4116    656.4386    577.2262    482.7216    486.5995    265.4991    240.5325    242.5358    192.6376    122.7697     48.9092      9.9821  
    4005.6087     4126.3913  
   205.8189    793.4270   1670.5190   1841.2153    127.1099   1798.8864     49.0235   1646.0000  
   331.4855   4364.9391   3435.5754  
 8
   565.0987    516.1768    562.1036    558.4215    457.1000    366.3956    536.6271    585.7166    658.8483    655.8645    576.7369    482.4342    486.7602    265.6989    240.7188    242.7206    192.7818    122.8613     48.9453      9.9892  
    4005.3646     4126.6354  
   205.8914    793.6564   1670.7118   1841.1291    127.0659   1798.5312     49.0141   1646.0000  
   331.6904   4362.1728   3438.1368  
 9
   565.4577    516.5046    562.4606    558.6519    457.0608    366.2381    536.3773    585.4312    658.5103    655.5199    576.4432    482.2614    486.8561    265.8188    240.8307    242.8318    192.8686    122.9165     48.9670      9.9935  
    4005.2188     4126.7812  
   205.9348    793.7937   1670.8271   1841.0775    127.0396   1798.3189     49.0085   1646.0000  
   331.8136   4360.5109   3439.6755  
10
   565.6735    516.7018    562.6753    558.7905    457.0368    366.1434    536.2272    585.2595    658.3071    655.3129    576.2667    482.1574    486.9135    265.8909    240.8980    242.8987    192.9208    122.9497     48.9801      9.9961  
    4005.1315     4126.8685  
   205.9608    793.8760   1670.8961   1841.0466    127.0238   1798.1916     49.0051   1646.0000  
   331.8878   4359.5115   3440.6007  
11
   565.8034    516.8205    562.8045    558.8738    457.0222    366.0863    536.1368    585.1563    658.1849    655.1884    576.1606    482.0948    486.9480    265.9343    240.9386    242.9390    192.9523    122.9697     48.9880      9.9976  
    4005.0791     4126.9209  
   205.9764    793.9254   1670.9375   1841.0280    127.0143   1798.1153     49.0031   1646.0000  
   331.9324   4358.9101   3441.1575  
12
   565.8816    516.8919    562.8823    558.9240    457.0134    366.0520    536.0824    585.0941    658.1113    655.1134    576.0967    482.0571    486.9687    265.9605    240.9630    242.9632    192.9713    122.9817     48.9928      9.9986  
    4005.0476     4126.9524  
   205.9858    793.9551   1670.9624   1841.0168    127.0086   1798.0694     49.0019   1646.0000  
   331.9593   4358.5481   3441.4926  
13
   565.9287    516.9349    562.9291    558.9542    457.0081    366.0313    536.0496    585.0567    658.0671    655.0683    576.0582    482.0344    486.9811    265.9762    240.9777    242.9779    192.9827    122.9890     48.9957      9.9991  
    4005.0286     4126.9714  
   205.9915    793.9730   1670.9774   1841.0101    127.0052   1798.0418     49.0011   1646.0000  
   331.9755   4358.3301   3441.6944  
14
   565.9571    516.9608    562.9573    558.9724    457.0049    366.0189    536.0299    585.0341    658.0404    655.0411    576.0351    482.0207    486.9886    265.9857    240.9866    242.9867    192.9896    122.9934     48.9974      9.9995  
    4005.0172     4126.9828  
   205.9949    793.9837   1670.9864   1841.0061    127.0031   1798.0251     49.0007   1646.0000  
   331.9852   4358.1988   3441.8159  
15
   565.9741    516.9764    562.9743    558.9834    457.0029    366.0114    536.0180    585.0206    658.0243    655.0248    576.0211    482.0125    486.9932    265.9914    240.9919    242.9920    192.9937    122.9960     48.9984      9.9997  
    4005.0104     4126.9896  
   205.9969    793.9902   1670.9918   1841.0037    127.0019   1798.0151     49.0004   1646.0000  
   331.9911   4358.1198   3441.8891  
16
   565.9844    516.9858    562.9845    558.9900    457.0018    366.0068    536.0108    585.0124    658.0147    655.0149    576.0127    482.0075    486.9959    265.9948    240.9951    242.9952    192.9962    122.9976     48.9991      9.9998  
    4005.0063     4126.9937  
   205.9981    793.9941   1670.9951   1841.0022    127.0011   1798.0091     49.0002   1646.0000  
   331.9946   4358.0721   3441.9332  
17
   565.9906    516.9914    562.9907    558.9940    457.0011    366.0041    536.0065    585.0075    658.0088    655.0090    576.0077    482.0045    486.9975    265.9969    240.9971    242.9971    192.9977    122.9986     48.9994      9.9999  
    4005.0038     4126.9962  
   205.9989    793.9964   1670.9970   1841.0013    127.0007   1798.0055     49.0001   1646.0000  
   331.9968   4358.0435   3441.9598  
18
   565.9943    516.9948    562.9944    558.9964    457.0006    366.0025    536.0039    585.0045    658.0053    655.0054    576.0046    482.0027    486.9985    265.9981    240.9982    242.9982    192.9986    122.9991     48.9997      9.9999  
    4005.0023     4126.9977  
   205.9993    793.9979   1670.9982   1841.0008    127.0004   1798.0033     49.0001   1646.0000  
   331.9981   4358.0262   3441.9758  
19
   565.9966    516.9969    562.9966    558.9978    457.0004    366.0015    536.0024    585.0027    658.0032    655.0033    576.0028    482.0016    486.9991    265.9989    240.9989    242.9989    192.9992    122.9995     48.9998     10.0000  
    4005.0014     4126.9986  
   205.9996    793.9987   1670.9989   1841.0005    127.0002   1798.0020     49.0001   1646.0000  
   331.9988   4358.0158   3441.9854  
20
   565.9979    516.9981    562.9980    558.9987    457.0002    366.0009    536.0014    585.0016    658.0019    655.0020    576.0017    482.0010    486.9995    265.9993    240.9994    242.9994    192.9995    122.9997     48.9999     10.0000  
    4005.0008     4126.9992  
   205.9998    793.9992   1670.9993   1841.0003    127.0001   1798.0012     49.0000   1646.0000  
   331.9993   4358.0095   3441.9912  
21
   565.9988    516.9989    562.9988    558.9992    457.0001    366.0005    536.0009    585.0010    658.0012    655.0012    576.0010    482.0006    486.9997    265.9996    240.9996    242.9996    192.9997    122.9998     48.9999     10.0000  
    4005.0005     4126.9995  
   205.9999    793.9995   1670.9996   1841.0002    127.0001   1798.0007     49.0000   1646.0000  
   331.9996   4358.0057   3441.9947  
22
   565.9993    516.9993    562.9993    558.9995    457.0001    366.0003    536.0005    585.0006    658.0007    655.0007    576.0006    482.0004    486.9998    265.9998    240.9998    242.9998    192.9998    122.9999     49.0000     10.0000  
    4005.0003     4126.9997  
   205.9999    793.9997   1670.9998   1841.0001    127.0001   1798.0004     49.0000   1646.0000  
   331.9997   4358.0034   3441.9968  
23
   565.9996    516.9996    562.9996    558.9997    457.0001    366.0002    536.0003    585.0004    658.0004    655.0004    576.0004    482.0002    486.9999    265.9999    240.9999    242.9999    192.9999    122.9999     49.0000     10.0000  
    4005.0002     4126.9998  
   205.9999    793.9998   1670.9999   1841.0001    127.0000   1798.0003     49.0000   1646.0000  
   331.9998   4358.0021   3441.9981  
24
   565.9997    516.9998    562.9997    558.9998    457.0000    366.0001    536.0002    585.0002    658.0003    655.0003    576.0002    482.0001    486.9999    265.9999    240.9999    242.9999    192.9999    123.0000     49.0000     10.0000  
    4005.0001     4126.9999  
   206.0000    793.9999   1670.9999   1841.0000    127.0000   1798.0002     49.0000   1646.0000  
   331.9999   4358.0013   3441.9988  
25
   565.9998    516.9999    562.9998    558.9999    457.0000    366.0001    536.0001    585.0001    658.0002    655.0002    576.0001    482.0001    487.0000    265.9999    240.9999    242.9999    193.0000    123.0000     49.0000     10.0000  
    4005.0001     4126.9999  
   206.0000    793.9999   1670.9999   1841.0000    127.0000   1798.0001     49.0000   1646.0000  
   331.9999   4358.0008   3441.9993  
26
   565.9999    516.9999    562.9999    558.9999    457.0000    366.0000    536.0001    585.0001    658.0001    655.0001    576.0001    482.0000    487.0000    266.0000    241.0000    243.0000    193.0000    123.0000     49.0000     10.0000  
    4005.0000     4127.0000  
   206.0000    794.0000   1671.0000   1841.0000    127.0000   1798.0001     49.0000   1646.0000  
   332.0000   4358.0005   3441.9996  
27
   565.9999    516.9999    562.9999    559.0000    457.0000    366.0000    536.0000    585.0000    658.0001    655.0001    576.0000    482.0000    487.0000    266.0000    241.0000    243.0000    193.0000    123.0000     49.0000     10.0000  
    4005.0000     4127.0000  
   206.0000    794.0000   1671.0000   1841.0000    127.0000   1798.0000     49.0000   1646.0000  
   332.0000   4358.0003   3441.9997  
28
   566.0000    517.0000    563.0000    559.0000    457.0000    366.0000    536.0000    585.0000    658.0000    655.0000    576.0000    482.0000    487.0000    266.0000    241.0000    243.0000    193.0000    123.0000     49.0000     10.0000  
    4005.0000     4127.0000  
   206.0000    794.0000   1671.0000   1841.0000    127.0000   1798.0000     49.0000   1646.0000  
   332.0000   4358.0002   3441.9998  
29
   566.0000    517.0000    563.0000    559.0000    457.0000    366.0000    536.0000    585.0000    658.0000    655.0000    576.0000    482.0000    487.0000    266.0000    241.0000    243.0000    193.0000    123.0000     49.0000     10.0000  
    4005.0000     4127.0000  
   206.0000    794.0000   1671.0000   1841.0000    127.0000   1798.0000     49.0000   1646.0000  
   332.0000   4358.0001   3441.9999  
30
   566.0000    517.0000    563.0000    559.0000    457.0000    366.0000    536.0000    585.0000    658.0000    655.0000    576.0000    482.0000    487.0000    266.0000    241.0000    243.0000    193.0000    123.0000     49.0000     10.0000  
    4005.0000     4127.0000  
   206.0000    794.0000   1671.0000   1841.0000    127.0000   1798.0000     49.0000   1646.0000  
   332.0000   4358.0001   3441.9999  
31
   566.0000    517.0000    563.0000    559.0000    457.0000    366.0000    536.0000    585.0000    658.0000    655.0000    576.0000    482.0000    487.0000    266.0000    241.0000    243.0000    193.0000    123.0000     49.0000     10.0000  
    4005.0000     4127.0000  
   206.0000    794.0000   1671.0000   1841.0000    127.0000   1798.0000     49.0000   1646.0000  
   332.0000   4358.0000   3442.0000  
32
   566.0000    517.0000    563.0000    559.0000    457.0000    366.0000    536.0000    585.0000    658.0000    655.0000    576.0000    482.0000    487.0000    266.0000    241.0000    243.0000    193.0000    123.0000     49.0000     10.0000  
    4005.0000     4127.0000  
   206.0000    794.0000   1671.0000   1841.0000    127.0000   1798.0000     49.0000   1646.0000  
   332.0000   4358.0000   3442.0000  
33
   566.0000    517.0000    563.0000    559.0000    457.0000    366.0000    536.0000    585.0000    658.0000    655.0000    576.0000    482.0000    487.0000    266.0000    241.0000    243.0000    193.0000    123.0000     49.0000     10.0000  
    4005.0000     4127.0000  
   206.0000    794.0000   1671.0000   1841.0000    127.0000   1798.0000     49.0000   1646.0000  
   332.0000   4358.0000   3442.0000  
34
   566.0000    517.0000    563.0000    559.0000    457.0000    366.0000    536.0000    585.0000    658.0000    655.0000    576.0000    482.0000    487.0000    266.0000    241.0000    243.0000    193.0000    123.0000     49.0000     10.0000  
    4005.0000     4127.0000  
   206.0000    794.0000   1671.0000   1841.0000    127.0000   1798.0000     49.0000   1646.0000  
   332.0000   4358.0000   3442.0000  
35
   566.0000    517.0000    563.0000    559.0000    457.0000    366.0000    536.0000    585.0000    658.0000    655.0000    576.0000    482.0000    487.0000    266.0000    241.0000    243.0000    193.0000    123.0000     49.0000     10.0000  
    4005.0000     4127.0000  
   206.0000    794.0000   1671.0000   1841.0000    127.0000   1798.0000     49.0000   1646.0000  
   332.0000   4358.0000   3442.0000  
36
   566.0000    517.0000    563.0000    559.0000    457.0000    366.0000    536.0000    585.0000    658.0000    655.0000    576.0000    482.0000    487.0000    266.0000    241.0000    243.0000    193.0000    123.0000     49.0000     10.0000  
    4005.0000     4127.0000  
   206.0000    794.0000   1671.0000   1841.0000    127.0000   1798.0000     49.0000   1646.0000  
   332.0000   4358.0000   3442.0000  
37
   566.0000    517.0000    563.0000    559.0000    457.0000    366.0000    536.0000    585.0000    658.0000    655.0000    576.0000    482.0000    487.0000    266.0000    241.0000    243.0000    193.0000    123.0000     49.0000     10.0000  
    4005.0000     4127.0000  
   206.0000    794.0000   1671.0000   1841.0000    127.0000   1798.0000     49.0000   1646.0000  
   332.0000   4358.0000   3442.0000  
38
   566.0000    517.0000    563.0000    559.0000    457.0000    366.0000    536.0000    585.0000    658.0000    655.0000    576.0000    482.0000    487.0000    266.0000    241.0000    243.0000    193.0000    123.0000     49.0000     10.0000  
    4005.0000     4127.0000  
   206.0000    794.0000   1671.0000   1841.0000    127.0000   1798.0000     49.0000   1646.0000  
   332.0000   4358.0000   3442.0000  
39
   566.0000    517.0000    563.0000    559.0000    457.0000    366.0000    536.0000    585.0000    658.0000    655.0000    576.0000    482.0000    487.0000    266.0000    241.0000    243.0000    193.0000    123.0000     49.0000     10.0000  
    4005.0000     4127.0000  
   206.0000    794.0000   1671.0000   1841.0000    127.0000   1798.0000     49.0000   1646.0000  
   332.0000   4358.0000   3442.0000  
