                    0   10938888.000000004     
                    1   369.27460823463849     
                    2   57.635250154008112     
                    3   23.671415625041043     
                    4   12.691654362185924     
                    5   7.0559569950322665     
                    6   3.9694134781282808     
                    7   2.2437651903760298     
                    8   1.2708731776437907     
                    9  0.72046118212411858     
                   10  0.40860051424129451     
                   11  0.23177857352650841     
                   12  0.13148906486439288     
                   13   7.4597948875422038E-002
                   14   4.2322835200208089E-002
                   15   2.4011987978360898E-002
                   16   1.3623364484853979E-002
                   17   7.7293359181071636E-003
                   18   4.3853153182345948E-003
                   19   2.4880547216731609E-003
                   20   1.4116248074377718E-003
                   21   8.0090089109619532E-004
                   22   4.5440002753431249E-004
                   23   2.5780893707714114E-004
                   24   1.4627078869845235E-004
                   25   8.2988375575308903E-005
                   26   4.7084385947530742E-005
                   27   2.6713858508510199E-005
                   28   1.5156408699675450E-005
                   29   8.5991562330183608E-006
                   30   4.8788299007503783E-006
                   31   2.7680559746545968E-006
                   32   1.5704923854645411E-006
                   33   8.9103304308502107E-007
