0
   409.2020    385.2623    390.1981    411.4127    432.4323    441.7737    456.4550    469.6114    501.8608    527.0805    497.4840    447.4530    414.7745    305.9064    285.3948    255.3242    193.3952    114.2554     33.2737      9.4501  
 5370234.0000  5581032.0000  
   156.6195    667.4086   1434.9740   1664.0622    182.3911   1440.3174     32.2272   1404.0000  
   260.2029   3889.9417   2831.8554  
 1
   472.7245    438.5543    421.4777    485.0912    456.7897    435.1979    496.1132    509.3851    521.6592    547.2212    512.7417    477.7949    372.7216    206.9687    216.2349    178.3839    139.3191     70.2940     18.8522      4.4749  
    3547.8264     3434.1736  
   173.7170    545.0897   1449.8659   1813.7183     94.6833   1476.7623     24.1635   1404.0000  
   241.2264   3833.9497   2906.8239  
 2
   479.8009    445.1168    427.7758    482.8155    461.1415    435.4511    486.9137    497.7853    505.6784    530.4425    501.5375    472.9135    377.2573    213.3564    226.3363    188.4630    148.7775     75.3317     20.2775      4.8279  
    3502.7903     3479.2097  
   171.3451    540.6935   1457.0239   1819.3455     94.0729   1471.3513     24.1677   1404.0000  
   244.5369   3777.6168   2959.8463  
 3
   486.9618    451.7599    434.1598    486.7146    460.0497    430.5391    480.9527    491.4875    499.0282    523.5908    495.6763    469.5668    379.9921    216.3456    229.9471    191.6362    151.3658     76.6656     20.6432      4.9172  
    3501.3683     3480.6317  
   171.7868    541.8319   1459.4764   1819.3002     93.6882   1467.8223     24.0943   1404.0000  
   246.8219   3743.4332   2991.7449  
 4
   491.4147    455.8909    438.1294    489.6723    459.6287    427.8085    477.6309    487.9510    495.2789    519.6367    492.1351    467.3557    381.3179    217.8860    231.6746    193.0834    152.5074     77.2454     20.7989      4.9537  
    3499.6886     3482.3114  
   172.2533    543.0391   1460.8853   1818.8543     93.4142   1465.4980     24.0558   1404.0000  
   248.1291   3723.2223   3010.6486  
 5
   494.0861    458.3691    440.5109    491.4468    459.3902    426.2445    475.7256    485.9147    493.1098    517.3265    490.0384    466.0035    382.0310    218.7569    232.6336    193.8751    153.1249     77.5577     20.8822      4.9729  
    3498.5939     3483.4061  
   172.5553    543.8306   1461.7450   1818.5196     93.2454   1464.0710     24.0331   1404.0000  
   248.8921   3711.3062   3021.8017  
 6
   495.6747    459.8428    441.9271    492.4884    459.2407    425.3301    474.6135    484.7250    491.8403    515.9694    488.8006    465.1928    382.4333    219.2642    233.1905    194.3334    153.4813     77.7378     20.9302      4.9839  
    3497.9401     3484.0599  
   172.7367    544.3078   1462.2584   1818.3093     93.1451   1463.2230     24.0197   1404.0000  
   249.3421   3704.2686   3028.3894  
 7
   496.6177    460.7176    442.7677    493.1025    459.1470    424.7903    473.9580    484.0239    491.0920    515.1686    488.0688    464.7098    382.6659    219.5632    233.5189    194.6036    153.6915     77.8440     20.9584      4.9904  
    3497.5554     3484.4446  
   172.8441    544.5903   1462.5615   1818.1833     93.0859   1462.7232     24.0117   1404.0000  
   249.6087   3700.1017   3032.2896  
 8
   497.1777    461.2371    443.2669    493.4662    459.0889    424.4702    473.5697    483.6087    490.6491    514.6945    487.6353    464.4225    382.8021    219.7402    233.7137    194.7640    153.8163     77.9071     20.9752      4.9943  
    3497.3290     3484.6710  
   172.9076    544.7571   1462.7403   1818.1086     93.0509   1462.4286     24.0070   1404.0000  
   249.7671   3697.6294   3034.6035  
 9
   497.5106    461.5459    443.5637    493.6823    459.0535    424.2799    473.3391    483.3623    490.3862    514.4132    487.3779    464.2515    382.8825    219.8454    233.8295    194.8594    153.8905     77.9447     20.9853      4.9966  
    3497.1952     3484.8048  
   172.9451    544.8557   1462.8459   1818.0645     93.0302   1462.2544     24.0041   1404.0000  
   249.8613   3696.1602   3035.9785  
10
   497.7086    461.7296    443.7402    493.8108    459.0321    424.1667    473.2019    483.2157    490.2299    514.2459    487.2250    464.1498    382.9301    219.9079    233.8985    194.9162    153.9348     77.9670     20.9912      4.9980  
    3497.1160     3484.8840  
   172.9673    544.9142   1462.9084   1818.0383     93.0180   1462.1513     24.0025   1404.0000  
   249.9174   3695.2863   3036.7963  
11
   497.8264    461.8390    443.8453    493.8873    459.0192    424.0993    473.1203    483.1285    490.1369    514.1465    487.1340    464.0892    382.9584    219.9452    233.9395    194.9501    153.9611     77.9803     20.9948      4.9988  
    3497.0690     3484.9310  
   172.9806    544.9490   1462.9455   1818.0228     93.0107   1462.0900     24.0015   1404.0000  
   249.9508   3694.7661   3037.2831  
12
   497.8966    461.9041    443.9078    493.9329    459.0115    424.0592    473.0716    483.0765    490.0816    514.0872    487.0798    464.0532    382.9752    219.9673    233.9640    194.9703    153.9768     77.9883     20.9969      4.9993  
    3497.0411     3484.9589  
   172.9884    544.9696   1462.9676   1818.0136     93.0064   1462.0536     24.0009   1404.0000  
   249.9707   3694.4564   3037.5729  
13
   497.9384    461.9429    443.9451    493.9600    459.0068    424.0353    473.0427    483.0456    490.0486    514.0520    487.0475    464.0317    382.9853    219.9805    233.9785    194.9823    153.9862     77.9930     20.9981      4.9996  
    3497.0245     3484.9755  
   172.9931    544.9819   1462.9807   1818.0081     93.0038   1462.0319     24.0005   1404.0000  
   249.9825   3694.2719   3037.7456  
14
   497.9633    461.9660    443.9673    493.9762    459.0041    424.0210    473.0254    483.0272    490.0289    514.0310    487.0283    464.0189    382.9912    219.9884    233.9872    194.9894    153.9918     77.9958     20.9989      4.9997  
    3497.0146     3484.9854  
   172.9959    544.9892   1462.9885   1818.0048     93.0023   1462.0190     24.0003   1404.0000  
   249.9896   3694.1620   3037.8484  
15
   497.9781    461.9797    443.9805    493.9858    459.0024    424.0125    473.0152    483.0162    490.0172    514.0184    487.0169    464.0112    382.9948    219.9931    233.9924    194.9937    153.9951     77.9975     20.9993      4.9998  
    3497.0087     3484.9913  
   172.9976    544.9936   1462.9931   1818.0029     93.0013   1462.0113     24.0002   1404.0000  
   249.9938   3694.0965   3037.9097  
16
   497.9870    461.9879    443.9884    493.9915    459.0014    424.0075    473.0090    483.0096    490.0103    514.0110    487.0101    464.0067    382.9969    219.9959    233.9955    194.9963    153.9971     77.9985     20.9996      4.9999  
    3497.0052     3484.9948  
   172.9985    544.9962   1462.9959   1818.0017     93.0008   1462.0067     24.0001   1404.0000  
   249.9963   3694.0575   3037.9462  
17
   497.9922    461.9928    443.9931    493.9950    459.0009    424.0044    473.0054    483.0057    490.0061    514.0065    487.0060    464.0040    382.9981    219.9975    233.9973    194.9978    153.9983     77.9991     20.9998      4.9999  
    3497.0031     3484.9969  
   172.9991    544.9977   1462.9976   1818.0010     93.0005   1462.0040     24.0001   1404.0000  
   249.9978   3694.0343   3037.9679  
18
   497.9954    461.9957    443.9959    493.9970    459.0005    424.0026    473.0032    483.0034    490.0036    514.0039    487.0036    464.0024    382.9989    219.9985    233.9984    194.9987    153.9990     77.9995     20.9999      5.0000  
    3497.0018     3484.9982  
   172.9995    544.9986   1462.9986   1818.0006     93.0003   1462.0024     24.0000   1404.0000  
   249.9987   3694.0204   3037.9809  
19
   497.9972    461.9974    443.9975    493.9982    459.0003    424.0016    473.0019    483.0020    490.0022    514.0023    487.0021    464.0014    382.9993    219.9991    233.9990    194.9992    153.9994     77.9997     20.9999      5.0000  
    3497.0011     3484.9989  
   172.9997    544.9992   1462.9991   1818.0004     93.0002   1462.0014     24.0000   1404.0000  
   249.9992   3694.0122   3037.9886  
20
   497.9984    461.9985    443.9985    493.9989    459.0002    424.0009    473.0011    483.0012    490.0013    514.0014    487.0013    464.0008    382.9996    219.9995    233.9994    194.9995    153.9996     77.9998     21.0000      5.0000  
    3497.0007     3484.9993  
   172.9998    544.9995   1462.9995   1818.0002     93.0001   1462.0008     24.0000   1404.0000  
   249.9995   3694.0072   3037.9932  
21
   497.9990    461.9991    443.9991    493.9994    459.0001    424.0006    473.0007    483.0007    490.0008    514.0008    487.0008    464.0005    382.9998    219.9997    233.9997    194.9997    153.9998     77.9999     21.0000      5.0000  
    3497.0004     3484.9996  
   172.9999    544.9997   1462.9997   1818.0001     93.0001   1462.0005     24.0000   1404.0000  
   249.9997   3694.0043   3037.9960  
22
   497.9994    461.9995    443.9995    493.9996    459.0001    424.0003    473.0004    483.0004    490.0005    514.0005    487.0004    464.0003    382.9999    219.9998    233.9998    194.9998    153.9999     77.9999     21.0000      5.0000  
    3497.0002     3484.9998  
   172.9999    544.9998   1462.9998   1818.0001     93.0000   1462.0003     24.0000   1404.0000  
   249.9998   3694.0026   3037.9976  
23
   497.9997    461.9997    443.9997    493.9998    459.0000    424.0002    473.0002    483.0003    490.0003    514.0003    487.0003    464.0002    382.9999    219.9999    233.9999    194.9999    153.9999     78.0000     21.0000      5.0000  
    3497.0001     3484.9999  
   173.0000    544.9999   1462.9999   1818.0000     93.0000   1462.0002     24.0000   1404.0000  
   249.9999   3694.0015   3037.9986  
24
   497.9998    461.9998    443.9998    493.9999    459.0000    424.0001    473.0001    483.0002    490.0002    514.0002    487.0002    464.0001    383.0000    219.9999    233.9999    194.9999    154.0000     78.0000     21.0000      5.0000  
    3497.0001     3484.9999  
   173.0000    544.9999   1462.9999   1818.0000     93.0000   1462.0001     24.0000   1404.0000  
   249.9999   3694.0009   3037.9991  
25
   497.9999    461.9999    443.9999    493.9999    459.0000    424.0001    473.0001    483.0001    490.0001    514.0001    487.0001    464.0001    383.0000    220.0000    234.0000    195.0000    154.0000     78.0000     21.0000      5.0000  
    3497.0000     3485.0000  
   173.0000    545.0000   1463.0000   1818.0000     93.0000   1462.0001     24.0000   1404.0000  
   250.0000   3694.0005   3037.9995  
26
   497.9999    461.9999    443.9999    494.0000    459.0000    424.0000    473.0001    483.0001    490.0001    514.0001    487.0001    464.0000    383.0000    220.0000    234.0000    195.0000    154.0000     78.0000     21.0000      5.0000  
    3497.0000     3485.0000  
   173.0000    545.0000   1463.0000   1818.0000     93.0000   1462.0000     24.0000   1404.0000  
   250.0000   3694.0003   3037.9997  
27
   498.0000    462.0000    444.0000    494.0000    459.0000    424.0000    473.0000    483.0000    490.0000    514.0000    487.0000    464.0000    383.0000    220.0000    234.0000    195.0000    154.0000     78.0000     21.0000      5.0000  
    3497.0000     3485.0000  
   173.0000    545.0000   1463.0000   1818.0000     93.0000   1462.0000     24.0000   1404.0000  
   250.0000   3694.0002   3037.9998  
28
   498.0000    462.0000    444.0000    494.0000    459.0000    424.0000    473.0000    483.0000    490.0000    514.0000    487.0000    464.0000    383.0000    220.0000    234.0000    195.0000    154.0000     78.0000     21.0000      5.0000  
    3497.0000     3485.0000  
   173.0000    545.0000   1463.0000   1818.0000     93.0000   1462.0000     24.0000   1404.0000  
   250.0000   3694.0001   3037.9999  
29
   498.0000    462.0000    444.0000    494.0000    459.0000    424.0000    473.0000    483.0000    490.0000    514.0000    487.0000    464.0000    383.0000    220.0000    234.0000    195.0000    154.0000     78.0000     21.0000      5.0000  
    3497.0000     3485.0000  
   173.0000    545.0000   1463.0000   1818.0000     93.0000   1462.0000     24.0000   1404.0000  
   250.0000   3694.0001   3037.9999  
30
   498.0000    462.0000    444.0000    494.0000    459.0000    424.0000    473.0000    483.0000    490.0000    514.0000    487.0000    464.0000    383.0000    220.0000    234.0000    195.0000    154.0000     78.0000     21.0000      5.0000  
    3497.0000     3485.0000  
   173.0000    545.0000   1463.0000   1818.0000     93.0000   1462.0000     24.0000   1404.0000  
   250.0000   3694.0000   3038.0000  
31
   498.0000    462.0000    444.0000    494.0000    459.0000    424.0000    473.0000    483.0000    490.0000    514.0000    487.0000    464.0000    383.0000    220.0000    234.0000    195.0000    154.0000     78.0000     21.0000      5.0000  
    3497.0000     3485.0000  
   173.0000    545.0000   1463.0000   1818.0000     93.0000   1462.0000     24.0000   1404.0000  
   250.0000   3694.0000   3038.0000  
32
   498.0000    462.0000    444.0000    494.0000    459.0000    424.0000    473.0000    483.0000    490.0000    514.0000    487.0000    464.0000    383.0000    220.0000    234.0000    195.0000    154.0000     78.0000     21.0000      5.0000  
    3497.0000     3485.0000  
   173.0000    545.0000   1463.0000   1818.0000     93.0000   1462.0000     24.0000   1404.0000  
   250.0000   3694.0000   3038.0000  
33
   498.0000    462.0000    444.0000    494.0000    459.0000    424.0000    473.0000    483.0000    490.0000    514.0000    487.0000    464.0000    383.0000    220.0000    234.0000    195.0000    154.0000     78.0000     21.0000      5.0000  
    3497.0000     3485.0000  
   173.0000    545.0000   1463.0000   1818.0000     93.0000   1462.0000     24.0000   1404.0000  
   250.0000   3694.0000   3038.0000  
34
   498.0000    462.0000    444.0000    494.0000    459.0000    424.0000    473.0000    483.0000    490.0000    514.0000    487.0000    464.0000    383.0000    220.0000    234.0000    195.0000    154.0000     78.0000     21.0000      5.0000  
    3497.0000     3485.0000  
   173.0000    545.0000   1463.0000   1818.0000     93.0000   1462.0000     24.0000   1404.0000  
   250.0000   3694.0000   3038.0000  
35
   498.0000    462.0000    444.0000    494.0000    459.0000    424.0000    473.0000    483.0000    490.0000    514.0000    487.0000    464.0000    383.0000    220.0000    234.0000    195.0000    154.0000     78.0000     21.0000      5.0000  
    3497.0000     3485.0000  
   173.0000    545.0000   1463.0000   1818.0000     93.0000   1462.0000     24.0000   1404.0000  
   250.0000   3694.0000   3038.0000  
36
   498.0000    462.0000    444.0000    494.0000    459.0000    424.0000    473.0000    483.0000    490.0000    514.0000    487.0000    464.0000    383.0000    220.0000    234.0000    195.0000    154.0000     78.0000     21.0000      5.0000  
    3497.0000     3485.0000  
   173.0000    545.0000   1463.0000   1818.0000     93.0000   1462.0000     24.0000   1404.0000  
   250.0000   3694.0000   3038.0000  
37
   498.0000    462.0000    444.0000    494.0000    459.0000    424.0000    473.0000    483.0000    490.0000    514.0000    487.0000    464.0000    383.0000    220.0000    234.0000    195.0000    154.0000     78.0000     21.0000      5.0000  
    3497.0000     3485.0000  
   173.0000    545.0000   1463.0000   1818.0000     93.0000   1462.0000     24.0000   1404.0000  
   250.0000   3694.0000   3038.0000  
38
   498.0000    462.0000    444.0000    494.0000    459.0000    424.0000    473.0000    483.0000    490.0000    514.0000    487.0000    464.0000    383.0000    220.0000    234.0000    195.0000    154.0000     78.0000     21.0000      5.0000  
    3497.0000     3485.0000  
   173.0000    545.0000   1463.0000   1818.0000     93.0000   1462.0000     24.0000   1404.0000  
   250.0000   3694.0000   3038.0000  
