0
   411.6867    387.6057    392.5880    413.9364    435.2656    444.7366    459.4363    472.6008    505.0088    530.4475    500.7638    450.4919    417.6948    308.2703    287.9149    257.9879    195.8943    116.0786     33.9168      9.6743  
 5370234.0000  5581032.0000  
   184.1773    769.3415   1482.7774   1682.9460    178.9138   1462.4082     33.4358   1238.0000  
   265.6863   4035.1914   2731.1223  
 1
   385.4719    379.7631    413.0835    453.8711    465.5124    411.6469    408.0796    441.2889    514.6677    565.2903    537.8984    505.4713    454.0336    273.5104    273.1878    238.8436    160.2156    119.6922     25.8642      4.6076  
    3473.2326     3558.7674  
   171.8339    680.3330   1608.0670   1968.6087    114.6565   1228.1928     22.3081   1238.0000  
   290.4023   3942.4686   2799.1291  
 2
   394.6668    388.8200    422.9278    423.2563    456.9170    418.9432    410.3087    440.4455    504.6645    550.2318    523.2232    495.1220    459.6072    282.2683    284.7413    249.4153    168.1504    126.0523     27.3545      4.8839  
    3435.7349     3596.2651  
   170.8165    674.1938   1629.9114   1968.6604    113.1087   1215.1725     22.1366   1238.0000  
   293.5677   3897.9491   2840.4832  
 3
   399.1778    393.2642    427.7616    423.1663    456.5793    416.0699    407.3355    436.9110    499.9827    544.6925    518.1317    491.9059    461.6256    284.9386    287.8083    252.2304    170.1530    127.6151     27.7022      4.9482  
    3434.7647     3597.2353  
   171.2249    675.4857   1633.4862   1967.5014    112.5942   1211.6410     22.0666   1238.0000  
   295.4857   3873.5963   2862.9180  
 4
   401.6912    395.7403    430.4546    424.6687    456.3685    414.3282    405.4828    434.8011    497.3903    541.7742    515.4566    490.2153    462.6784    286.2755    289.2106    253.4520    170.9725    128.2323     27.8354      4.9716  
    3433.6504     3598.3496  
   171.5564    676.5594   1634.6745   1966.8363    112.3307   1210.0060     22.0368   1238.0000  
   296.5656   3859.9703   2875.4641  
 5
   403.1115    397.1395    431.9765    425.6559    456.2255    413.3322    404.4192    433.5990    495.9317    540.1475    513.9667    489.2656    463.2540    287.0168    289.9785    254.1156    171.4129    128.5614     27.9060      4.9838  
    3432.9377     3599.0623  
   171.7487    677.1846   1635.2612   1966.4698    112.1865   1209.1282     22.0209   1238.0000  
   297.1791   3852.2598   2882.5611  
 6
   403.9197    397.9357    432.8424    426.2297    456.1344    412.7633    403.8125    432.9147    495.1041    539.2267    513.1233    488.7246    463.5758    287.4375    290.4147    254.4928    171.6631    128.7483     27.9460      4.9907  
    3432.5320     3599.4680  
   171.8572    677.5370   1635.5821   1966.2659    112.1060   1208.6400     22.0120   1238.0000  
   297.5296   3847.8707   2886.5997  
 7
   404.3811    398.3903    433.3369    426.5584    456.0788    412.4377    403.4657    432.5240    494.6323    538.7022    512.6430    488.4153    463.7578    287.6777    290.6643    254.7089    171.8066    128.8555     27.9690      4.9946  
    3432.3030     3599.6970  
   171.9185    677.7360   1635.7621   1966.1513    112.0604   1208.3648     22.0068   1238.0000  
   297.7302   3845.3638   2888.9060  
 8
   404.6452    398.6504    433.6198    426.7468    456.0458    412.2511    403.2671    432.3005    494.3624    538.4024    512.3685    488.2382    463.8614    287.8151    290.8074    254.8329    171.8889    128.9170     27.9822      4.9969  
    3432.1731     3599.8269  
   171.9534    677.8491   1635.8641   1966.0864    112.0346   1208.2085     22.0039   1238.0000  
   297.8452   3843.9288   2890.2259  
 9
   404.7965    398.7995    433.7819    426.8547    456.0265    412.1441    403.1532    432.1724    494.2079    538.2308    512.2113    488.1367    463.9206    287.8939    290.8894    254.9041    171.9362    128.9523     27.9898      4.9982  
    3432.0991     3599.9009  
   171.9733    677.9136   1635.9222   1966.0494    112.0198   1208.1194     22.0023   1238.0000  
   297.9112   3843.1065   2890.9823  
10
   404.8832    398.8849    433.8749    426.9166    456.0153    412.0827    403.0879    432.0989    494.1193    538.1324    512.1212    488.0784    463.9544    287.9391    290.9365    254.9449    171.9634    128.9726     27.9941      4.9990  
    3432.0568     3599.9432  
   171.9847    677.9505   1635.9554   1966.0283    112.0113   1208.0684     22.0013   1238.0000  
   297.9490   3842.6350   2891.4160  
11
   404.9330    398.9340    433.9282    426.9521    456.0088    412.0475    403.0505    432.0568    494.0685    538.0760    512.0696    488.0450    463.9739    287.9651    290.9636    254.9684    171.9790    128.9843     27.9966      4.9994  
    3432.0326     3599.9674  
   171.9912    677.9716   1635.9744   1966.0162    112.0065   1208.0393     22.0007   1238.0000  
   297.9707   3842.3644   2891.6648  
12
   404.9615    398.9621    433.9588    426.9725    456.0050    412.0273    403.0290    432.0326    494.0393    538.0436    512.0399    488.0258    463.9850    287.9799    290.9791    254.9819    171.9879    128.9910     27.9981      4.9997  
    3432.0187     3599.9813  
   171.9950    677.9837   1635.9853   1966.0093    112.0037   1208.0225     22.0004   1238.0000  
   297.9832   3842.2092   2891.8076  
13
   404.9779    398.9782    433.9763    426.9842    456.0029    412.0156    403.0166    432.0187    494.0226    538.0250    512.0229    488.0148    463.9914    287.9885    290.9880    254.9896    171.9931    128.9948     27.9989      4.9998  
    3432.0107     3599.9893  
   171.9971    677.9906   1635.9916   1966.0053    112.0021   1208.0129     22.0002   1238.0000  
   297.9904   3842.1201   2891.8896  
14
   404.9873    398.9875    433.9864    426.9909    456.0017    412.0090    403.0095    432.0107    494.0129    538.0144    512.0132    488.0085    463.9951    287.9934    290.9931    254.9940    171.9960    128.9970     27.9994      4.9999  
    3432.0062     3599.9938  
   171.9983    677.9946   1635.9952   1966.0031    112.0012   1208.0074     22.0001   1238.0000  
   297.9945   3842.0689   2891.9366  
15
   404.9927    398.9928    433.9922    426.9948    456.0010    412.0052    403.0055    432.0062    494.0074    538.0082    512.0076    488.0049    463.9972    287.9962    290.9960    254.9966    171.9977    128.9983     27.9996      4.9999  
    3432.0035     3599.9965  
   171.9990    677.9969   1635.9972   1966.0018    112.0007   1208.0043     22.0001   1238.0000  
   297.9968   3842.0396   2891.9636  
16
   404.9958    398.9959    433.9955    426.9970    456.0005    412.0030    403.0031    432.0035    494.0043    538.0047    512.0043    488.0028    463.9984    287.9978    290.9977    254.9980    171.9987    128.9990     27.9998      5.0000  
    3432.0020     3599.9980  
   171.9995    677.9982   1635.9984   1966.0010    112.0004   1208.0024     22.0000   1238.0000  
   297.9982   3842.0227   2891.9791  
17
   404.9976    398.9976    433.9974    426.9983    456.0003    412.0017    403.0018    432.0020    494.0024    538.0027    512.0025    488.0016    463.9991    287.9988    290.9987    254.9989    171.9992    128.9994     27.9999      5.0000  
    3432.0012     3599.9988  
   171.9997    677.9990   1635.9991   1966.0006    112.0002   1208.0014     22.0000   1238.0000  
   297.9990   3842.0130   2891.9880  
18
   404.9986    398.9986    433.9985    426.9990    456.0002    412.0010    403.0010    432.0012    494.0014    538.0016    512.0014    488.0009    463.9995    287.9993    290.9993    254.9994    171.9996    128.9997     27.9999      5.0000  
    3432.0007     3599.9993  
   171.9998    677.9994   1635.9995   1966.0003    112.0001   1208.0008     22.0000   1238.0000  
   297.9994   3842.0075   2891.9931  
19
   404.9992    398.9992    433.9992    426.9994    456.0001    412.0006    403.0006    432.0007    494.0008    538.0009    512.0008    488.0005    463.9997    287.9996    290.9996    254.9996    171.9998    128.9998     28.0000      5.0000  
    3432.0004     3599.9996  
   171.9999    677.9997   1635.9997   1966.0002    112.0001   1208.0005     22.0000   1238.0000  
   297.9997   3842.0043   2891.9960  
20
   404.9995    398.9996    433.9995    426.9997    456.0001    412.0003    403.0003    432.0004    494.0005    538.0005    512.0005    488.0003    463.9998    287.9998    290.9998    254.9998    171.9999    128.9999     28.0000      5.0000  
    3432.0002     3599.9998  
   171.9999    677.9998   1635.9998   1966.0001    112.0000   1208.0003     22.0000   1238.0000  
   297.9998   3842.0025   2891.9977  
21
   404.9997    398.9997    433.9997    426.9998    456.0000    412.0002    403.0002    432.0002    494.0003    538.0003    512.0003    488.0002    463.9999    287.9999    290.9999    254.9999    171.9999    128.9999     28.0000      5.0000  
    3432.0001     3599.9999  
   172.0000    677.9999   1635.9999   1966.0001    112.0000   1208.0002     22.0000   1238.0000  
   297.9999   3842.0014   2891.9987  
22
   404.9999    398.9999    433.9998    426.9999    456.0000    412.0001    403.0001    432.0001    494.0002    538.0002    512.0002    488.0001    463.9999    287.9999    290.9999    254.9999    172.0000    129.0000     28.0000      5.0000  
    3432.0001     3599.9999  
   172.0000    677.9999   1635.9999   1966.0000    112.0000   1208.0001     22.0000   1238.0000  
   297.9999   3842.0008   2891.9993  
23
   404.9999    398.9999    433.9999    426.9999    456.0000    412.0001    403.0001    432.0001    494.0001    538.0001    512.0001    488.0001    464.0000    288.0000    291.0000    255.0000    172.0000    129.0000     28.0000      5.0000  
    3432.0000     3600.0000  
   172.0000    678.0000   1636.0000   1966.0000    112.0000   1208.0001     22.0000   1238.0000  
   298.0000   3842.0005   2891.9996  
24
   405.0000    399.0000    433.9999    427.0000    456.0000    412.0000    403.0000    432.0000    494.0001    538.0001    512.0001    488.0000    464.0000    288.0000    291.0000    255.0000    172.0000    129.0000     28.0000      5.0000  
    3432.0000     3600.0000  
   172.0000    678.0000   1636.0000   1966.0000    112.0000   1208.0000     22.0000   1238.0000  
   298.0000   3842.0003   2891.9998  
25
   405.0000    399.0000    434.0000    427.0000    456.0000    412.0000    403.0000    432.0000    494.0000    538.0000    512.0000    488.0000    464.0000    288.0000    291.0000    255.0000    172.0000    129.0000     28.0000      5.0000  
    3432.0000     3600.0000  
   172.0000    678.0000   1636.0000   1966.0000    112.0000   1208.0000     22.0000   1238.0000  
   298.0000   3842.0002   2891.9999  
26
   405.0000    399.0000    434.0000    427.0000    456.0000    412.0000    403.0000    432.0000    494.0000    538.0000    512.0000    488.0000    464.0000    288.0000    291.0000    255.0000    172.0000    129.0000     28.0000      5.0000  
    3432.0000     3600.0000  
   172.0000    678.0000   1636.0000   1966.0000    112.0000   1208.0000     22.0000   1238.0000  
   298.0000   3842.0001   2891.9999  
27
   405.0000    399.0000    434.0000    427.0000    456.0000    412.0000    403.0000    432.0000    494.0000    538.0000    512.0000    488.0000    464.0000    288.0000    291.0000    255.0000    172.0000    129.0000     28.0000      5.0000  
    3432.0000     3600.0000  
   172.0000    678.0000   1636.0000   1966.0000    112.0000   1208.0000     22.0000   1238.0000  
   298.0000   3842.0001   2892.0000  
28
   405.0000    399.0000    434.0000    427.0000    456.0000    412.0000    403.0000    432.0000    494.0000    538.0000    512.0000    488.0000    464.0000    288.0000    291.0000    255.0000    172.0000    129.0000     28.0000      5.0000  
    3432.0000     3600.0000  
   172.0000    678.0000   1636.0000   1966.0000    112.0000   1208.0000     22.0000   1238.0000  
   298.0000   3842.0000   2892.0000  
29
   405.0000    399.0000    434.0000    427.0000    456.0000    412.0000    403.0000    432.0000    494.0000    538.0000    512.0000    488.0000    464.0000    288.0000    291.0000    255.0000    172.0000    129.0000     28.0000      5.0000  
    3432.0000     3600.0000  
   172.0000    678.0000   1636.0000   1966.0000    112.0000   1208.0000     22.0000   1238.0000  
   298.0000   3842.0000   2892.0000  
30
   405.0000    399.0000    434.0000    427.0000    456.0000    412.0000    403.0000    432.0000    494.0000    538.0000    512.0000    488.0000    464.0000    288.0000    291.0000    255.0000    172.0000    129.0000     28.0000      5.0000  
    3432.0000     3600.0000  
   172.0000    678.0000   1636.0000   1966.0000    112.0000   1208.0000     22.0000   1238.0000  
   298.0000   3842.0000   2892.0000  
31
   405.0000    399.0000    434.0000    427.0000    456.0000    412.0000    403.0000    432.0000    494.0000    538.0000    512.0000    488.0000    464.0000    288.0000    291.0000    255.0000    172.0000    129.0000     28.0000      5.0000  
    3432.0000     3600.0000  
   172.0000    678.0000   1636.0000   1966.0000    112.0000   1208.0000     22.0000   1238.0000  
   298.0000   3842.0000   2892.0000  
32
   405.0000    399.0000    434.0000    427.0000    456.0000    412.0000    403.0000    432.0000    494.0000    538.0000    512.0000    488.0000    464.0000    288.0000    291.0000    255.0000    172.0000    129.0000     28.0000      5.0000  
    3432.0000     3600.0000  
   172.0000    678.0000   1636.0000   1966.0000    112.0000   1208.0000     22.0000   1238.0000  
   298.0000   3842.0000   2892.0000  
33
   405.0000    399.0000    434.0000    427.0000    456.0000    412.0000    403.0000    432.0000    494.0000    538.0000    512.0000    488.0000    464.0000    288.0000    291.0000    255.0000    172.0000    129.0000     28.0000      5.0000  
    3432.0000     3600.0000  
   172.0000    678.0000   1636.0000   1966.0000    112.0000   1208.0000     22.0000   1238.0000  
   298.0000   3842.0000   2892.0000  
34
   405.0000    399.0000    434.0000    427.0000    456.0000    412.0000    403.0000    432.0000    494.0000    538.0000    512.0000    488.0000    464.0000    288.0000    291.0000    255.0000    172.0000    129.0000     28.0000      5.0000  
    3432.0000     3600.0000  
   172.0000    678.0000   1636.0000   1966.0000    112.0000   1208.0000     22.0000   1238.0000  
   298.0000   3842.0000   2892.0000  
35
   405.0000    399.0000    434.0000    427.0000    456.0000    412.0000    403.0000    432.0000    494.0000    538.0000    512.0000    488.0000    464.0000    288.0000    291.0000    255.0000    172.0000    129.0000     28.0000      5.0000  
    3432.0000     3600.0000  
   172.0000    678.0000   1636.0000   1966.0000    112.0000   1208.0000     22.0000   1238.0000  
   298.0000   3842.0000   2892.0000  
