                    0   10944656.000000002     
                    1   269.10899843959180     
                    2   127.49646476517358     
                    3   74.768333535200526     
                    4   44.396901437527220     
                    5   26.415976600593037     
                    6   15.744117839931411     
                    7   9.4046747996838729     
                    8   5.6280251399063896     
                    9   3.3722269247128747     
                   10   2.0222534505743206     
                   11   1.2133334016526565     
                   12  0.72822292756123386     
                   13  0.43715344813651719     
                   14  0.26245527134989960     
                   15  0.15758251580641011     
                   16   9.4619284154482744E-002
                   17   5.6814954709704629E-002
                   18   3.4115560858207161E-002
                   19   2.0485495827214446E-002
                   20   1.2301070750976379E-002
                   21   7.3865363235085194E-003
                   22   4.4354700530790103E-003
                   23   2.6634159723568501E-003
                   24   1.5993321617353681E-003
                   25   9.6036988774315154E-004
                   26   5.7668481330160016E-004
                   27   3.4628889466827001E-004
                   28   2.0794029452402679E-004
                   29   1.2486443984700580E-004
                   30   7.4978872348986734E-005
                   31   4.5023476743704131E-005
                   32   2.7035799460584282E-005
                   33   1.6234515822187109E-005
                   34   9.7485379925184431E-006
                   35   5.8538228514625314E-006
                   36   3.5151172681135100E-006
                   37   2.1107659639871073E-006
                   38   1.2674761656980712E-006
                   39   7.6109807555852687E-007
