0
   742.6403    699.1990    708.1800    746.6884    785.0922    802.1482    828.6928    852.4685    910.9440    956.8067    903.2239    812.5137    753.3197    555.8879    519.0581    464.9442    352.8504    208.9481     61.0084     17.3855  
 5370234.0000  5581032.0000  
   301.7552   1274.8881   2641.7963   3065.1906    329.3681   2660.1172     59.8844   2349.0000  
   481.9595   7150.6336   5049.4069  
 1
   716.7660    746.3171    775.8792    878.5339    823.0991    717.0806    758.6416    950.3420   1002.6997   1054.9867    954.0939    815.5325    763.8740    431.3960    396.1535    391.1156    276.6774    153.5513     64.6288     10.6312  
    6297.3769     6384.6231  
   345.3656   1196.7295   2827.1273   3278.5564    202.0595   2458.9717     24.1900   2349.0000  
   549.4648   6968.3300   5164.2052  
 2
   735.7440    766.0744    796.4062    846.0749    830.6723    727.6658    762.9424    949.5447    988.1163   1030.5239    927.8650    796.4022    767.7947    438.7863    403.3779    397.7278    282.3300    156.9386     66.1467     10.8659  
    6234.6596     6447.3404  
   348.9886   1199.1671   2861.5881   3267.2172    197.9753   2433.9465     24.1173   2349.0000  
   553.2828   6896.7709   5231.9463  
 3
   743.3947    774.0402    804.6865    846.4193    832.0784    724.7318    759.4775    944.3639    981.3865   1022.2602    920.2169    791.7925    770.0772    441.5945    405.9300    400.1189    284.0318    157.9144     66.5537     10.9309  
    6229.9057     6452.0943  
   350.4531   1203.5576   2868.7169   3263.6687    196.9136   2425.6355     24.0546   2349.0000  
   555.7187   6861.1103   5265.1710  
 4
   747.2664    778.0714    808.8768    848.5598    832.2273    722.7700    757.1932    941.2319    977.7288   1018.1241    916.4958    789.6053    771.3414    443.0646    407.2292    401.3163    284.8416    158.3611     66.7363     10.9588  
    6227.5952     6454.4048  
   351.1921   1205.7075   2870.9741   3262.2828    196.4695   2422.3452     24.0288   2349.0000  
   557.1238   6842.1241   5282.7522  
 5
   749.3440    780.2345    811.1253    850.0040    832.1803    721.5981    755.8368    939.4199    975.6834   1015.8847    914.5174    788.4553    772.0551    443.8937    407.9778    402.0204    285.3226    158.6260     66.8451     10.9757  
    6226.4039     6455.5961  
   351.5618   1206.7648   2871.9372   3261.6679    196.2544   2420.7980     24.0160   2349.0000  
   557.9277   6831.6444   5292.4278  
 6
   750.4955    781.4335    812.3717    850.8555    832.1172    720.9168    755.0520    938.3823    974.5277   1014.6364    913.4245    787.8228    772.4612    444.3675    408.4126    402.4349    285.6082    158.7835     66.9102     10.9859  
    6225.7782     6456.2218  
   351.7563   1207.3154   2872.4165   3261.3640    196.1416   2419.9971     24.0090   2349.0000  
   558.3873   6825.7573   5297.8554  
 7
   751.1439    782.1087    813.0735    851.3454    832.0709    720.5248    754.6017    937.7896    973.8713   1013.9317    912.8101    787.4679    772.6926    444.6385    408.6634    402.6756    285.7748    158.8755     66.9483     10.9918  
    6225.4377     6456.5623  
   351.8626   1207.6148   2872.6730   3261.2032    196.0799   2419.5614     24.0051   2349.0000  
   558.6499   6822.4215   5300.9285  
 8
   751.5118    782.4917    813.4716    851.6259    832.0417    720.3001    754.3439    937.4510    973.4973   1013.5314    912.4618    787.2667    772.8245    444.7934    408.8074    402.8142    285.8709    158.9286     66.9704     10.9953  
    6225.2482     6456.7518  
   351.9220   1207.7815   2872.8149   3261.1148    196.0454   2419.3185     24.0029   2349.0000  
   558.8000   6820.5234   5302.6766  
 9
   751.7213    782.7098    813.6984    851.7862    832.0242    720.1716    754.1966    937.2577    973.2840   1013.3034    912.2636    787.1523    772.8998    444.8820    408.8899    402.8937    285.9261    158.9592     66.9830     10.9973  
    6225.1412     6456.8588  
   351.9556   1207.8756   2872.8947   3261.0652    196.0258   2419.1813     24.0017   2349.0000  
   558.8857   6819.4411   5303.6732  
10
   751.8408    782.8343    813.8277    851.8778    832.0139    720.0981    754.1123    937.1473    973.1623   1013.1733    912.1505    787.0870    772.9427    444.9325    408.9371    402.9392    285.9578    158.9766     66.9903     10.9985  
    6225.0805     6456.9195  
   351.9747   1207.9291   2872.9400   3261.0372    196.0147   2419.1034     24.0009   2349.0000  
   558.9347   6818.8233   5304.2420  
11
   751.9091    782.9053    813.9016    851.9302    832.0080    720.0560    754.0642    937.0841    973.0927   1013.0990    912.0860    787.0497    772.9673    444.9615    408.9640    402.9653    285.9759    158.9866     66.9945     10.9991  
    6225.0460     6456.9540  
   351.9855   1207.9595   2872.9657   3261.0212    196.0084   2419.0590     24.0005   2349.0000  
   558.9627   6818.4704   5304.5669  
12
   751.9480    782.9459    813.9438    851.9601    832.0046    720.0320    754.0367    937.0481    973.0530   1013.0566    912.0491    787.0284    772.9813    444.9780    408.9794    402.9801    285.9862    158.9924     66.9968     10.9995  
    6225.0263     6456.9737  
   351.9917   1207.9769   2872.9804   3261.0121    196.0048   2419.0337     24.0003   2349.0000  
   558.9787   6818.2688   5304.7525  
13
   751.9703    782.9691    813.9679    851.9772    832.0026    720.0183    754.0210    937.0275    973.0303   1013.0323    912.0281    787.0162    772.9893    444.9874    408.9882    402.9887    285.9921    158.9956     66.9982     10.9997  
    6225.0150     6456.9850  
   351.9953   1207.9868   2872.9888   3261.0069    196.0027   2419.0193     24.0002   2349.0000  
   558.9878   6818.1536   5304.8586  
14
   751.9830    782.9823    813.9816    851.9870    832.0015    720.0105    754.0120    937.0157    973.0173   1013.0185    912.0160    787.0093    772.9939    444.9928    408.9933    402.9935    285.9955    158.9975     66.9990     10.9998  
    6225.0086     6456.9914  
   351.9973   1207.9924   2872.9936   3261.0040    196.0016   2419.0110     24.0001   2349.0000  
   558.9930   6818.0878   5304.9192  
15
   751.9903    782.9899    813.9895    851.9926    832.0009    720.0060    754.0068    937.0090    973.0099   1013.0106    912.0092    787.0053    772.9965    444.9959    408.9962    402.9963    285.9974    158.9986     66.9994     10.9999  
    6225.0049     6456.9951  
   351.9985   1207.9957   2872.9964   3261.0023    196.0009   2419.0063     24.0001   2349.0000  
   558.9960   6818.0502   5304.9538  
16
   751.9945    782.9942    813.9940    851.9957    832.0005    720.0034    754.0039    937.0051    973.0057   1013.0060    912.0052    787.0030    772.9980    444.9977    408.9978    402.9979    285.9985    158.9992     66.9997     10.9999  
    6225.0028     6456.9972  
   351.9991   1207.9975   2872.9979   3261.0013    196.0005   2419.0036     24.0000   2349.0000  
   558.9977   6818.0287   5304.9736  
17
   751.9968    782.9967    813.9966    851.9976    832.0003    720.0020    754.0022    937.0029    973.0032   1013.0034    912.0030    787.0017    772.9989    444.9987    408.9987    402.9988    285.9992    158.9995     66.9998     11.0000  
    6225.0016     6456.9984  
   351.9995   1207.9986   2872.9988   3261.0007    196.0003   2419.0021     24.0000   2349.0000  
   558.9987   6818.0164   5304.9849  
18
   751.9982    782.9981    813.9980    851.9986    832.0002    720.0011    754.0013    937.0017    973.0018   1013.0020    912.0017    787.0010    772.9993    444.9992    408.9993    402.9993    285.9995    158.9997     66.9999     11.0000  
    6225.0009     6456.9991  
   351.9997   1207.9992   2872.9993   3261.0004    196.0002   2419.0012     24.0000   2349.0000  
   558.9993   6818.0094   5304.9914  
19
   751.9990    782.9989    813.9989    851.9992    832.0001    720.0006    754.0007    937.0010    973.0011   1013.0011    912.0010    787.0006    772.9996    444.9996    408.9996    402.9996    285.9997    158.9998     66.9999     11.0000  
    6225.0005     6456.9995  
   351.9998   1207.9995   2872.9996   3261.0002    196.0001   2419.0007     24.0000   2349.0000  
   558.9996   6818.0054   5304.9951  
20
   751.9994    782.9994    813.9994    851.9995    832.0001    720.0004    754.0004    937.0005    973.0006   1013.0006    912.0006    787.0003    772.9998    444.9997    408.9998    402.9998    285.9998    158.9999     67.0000     11.0000  
    6225.0003     6456.9997  
   351.9999   1207.9997   2872.9998   3261.0001    196.0001   2419.0004     24.0000   2349.0000  
   558.9998   6818.0031   5304.9972  
21
   751.9997    782.9996    813.9996    851.9997    832.0000    720.0002    754.0002    937.0003    973.0003   1013.0004    912.0003    787.0002    772.9999    444.9999    408.9999    402.9999    285.9999    159.0000     67.0000     11.0000  
    6225.0002     6456.9998  
   351.9999   1207.9998   2872.9999   3261.0001    196.0000   2419.0002     24.0000   2349.0000  
   558.9999   6818.0017   5304.9984  
22
   751.9998    782.9998    813.9998    851.9999    832.0000    720.0001    754.0001    937.0002    973.0002   1013.0002    912.0002    787.0001    772.9999    444.9999    408.9999    402.9999    285.9999    159.0000     67.0000     11.0000  
    6225.0001     6456.9999  
   352.0000   1207.9999   2872.9999   3261.0000    196.0000   2419.0001     24.0000   2349.0000  
   558.9999   6818.0010   5304.9991  
23
   751.9999    782.9999    813.9999    851.9999    832.0000    720.0001    754.0001    937.0001    973.0001   1013.0001    912.0001    787.0001    773.0000    445.0000    409.0000    403.0000    286.0000    159.0000     67.0000     11.0000  
    6225.0001     6456.9999  
   352.0000   1208.0000   2873.0000   3261.0000    196.0000   2419.0001     24.0000   2349.0000  
   559.0000   6818.0006   5304.9995  
24
   751.9999    782.9999    813.9999    852.0000    832.0000    720.0000    754.0000    937.0001    973.0001   1013.0001    912.0001    787.0000    773.0000    445.0000    409.0000    403.0000    286.0000    159.0000     67.0000     11.0000  
    6225.0000     6457.0000  
   352.0000   1208.0000   2873.0000   3261.0000    196.0000   2419.0000     24.0000   2349.0000  
   559.0000   6818.0003   5304.9997  
25
   752.0000    783.0000    814.0000    852.0000    832.0000    720.0000    754.0000    937.0000    973.0000   1013.0000    912.0000    787.0000    773.0000    445.0000    409.0000    403.0000    286.0000    159.0000     67.0000     11.0000  
    6225.0000     6457.0000  
   352.0000   1208.0000   2873.0000   3261.0000    196.0000   2419.0000     24.0000   2349.0000  
   559.0000   6818.0002   5304.9998  
26
   752.0000    783.0000    814.0000    852.0000    832.0000    720.0000    754.0000    937.0000    973.0000   1013.0000    912.0000    787.0000    773.0000    445.0000    409.0000    403.0000    286.0000    159.0000     67.0000     11.0000  
    6225.0000     6457.0000  
   352.0000   1208.0000   2873.0000   3261.0000    196.0000   2419.0000     24.0000   2349.0000  
   559.0000   6818.0001   5304.9999  
27
   752.0000    783.0000    814.0000    852.0000    832.0000    720.0000    754.0000    937.0000    973.0000   1013.0000    912.0000    787.0000    773.0000    445.0000    409.0000    403.0000    286.0000    159.0000     67.0000     11.0000  
    6225.0000     6457.0000  
   352.0000   1208.0000   2873.0000   3261.0000    196.0000   2419.0000     24.0000   2349.0000  
   559.0000   6818.0001   5304.9999  
28
   752.0000    783.0000    814.0000    852.0000    832.0000    720.0000    754.0000    937.0000    973.0000   1013.0000    912.0000    787.0000    773.0000    445.0000    409.0000    403.0000    286.0000    159.0000     67.0000     11.0000  
    6225.0000     6457.0000  
   352.0000   1208.0000   2873.0000   3261.0000    196.0000   2419.0000     24.0000   2349.0000  
   559.0000   6818.0000   5305.0000  
29
   752.0000    783.0000    814.0000    852.0000    832.0000    720.0000    754.0000    937.0000    973.0000   1013.0000    912.0000    787.0000    773.0000    445.0000    409.0000    403.0000    286.0000    159.0000     67.0000     11.0000  
    6225.0000     6457.0000  
   352.0000   1208.0000   2873.0000   3261.0000    196.0000   2419.0000     24.0000   2349.0000  
   559.0000   6818.0000   5305.0000  
30
   752.0000    783.0000    814.0000    852.0000    832.0000    720.0000    754.0000    937.0000    973.0000   1013.0000    912.0000    787.0000    773.0000    445.0000    409.0000    403.0000    286.0000    159.0000     67.0000     11.0000  
    6225.0000     6457.0000  
   352.0000   1208.0000   2873.0000   3261.0000    196.0000   2419.0000     24.0000   2349.0000  
   559.0000   6818.0000   5305.0000  
31
   752.0000    783.0000    814.0000    852.0000    832.0000    720.0000    754.0000    937.0000    973.0000   1013.0000    912.0000    787.0000    773.0000    445.0000    409.0000    403.0000    286.0000    159.0000     67.0000     11.0000  
    6225.0000     6457.0000  
   352.0000   1208.0000   2873.0000   3261.0000    196.0000   2419.0000     24.0000   2349.0000  
   559.0000   6818.0000   5305.0000  
32
   752.0000    783.0000    814.0000    852.0000    832.0000    720.0000    754.0000    937.0000    973.0000   1013.0000    912.0000    787.0000    773.0000    445.0000    409.0000    403.0000    286.0000    159.0000     67.0000     11.0000  
    6225.0000     6457.0000  
   352.0000   1208.0000   2873.0000   3261.0000    196.0000   2419.0000     24.0000   2349.0000  
   559.0000   6818.0000   5305.0000  
33
   752.0000    783.0000    814.0000    852.0000    832.0000    720.0000    754.0000    937.0000    973.0000   1013.0000    912.0000    787.0000    773.0000    445.0000    409.0000    403.0000    286.0000    159.0000     67.0000     11.0000  
    6225.0000     6457.0000  
   352.0000   1208.0000   2873.0000   3261.0000    196.0000   2419.0000     24.0000   2349.0000  
   559.0000   6818.0000   5305.0000  
34
   752.0000    783.0000    814.0000    852.0000    832.0000    720.0000    754.0000    937.0000    973.0000   1013.0000    912.0000    787.0000    773.0000    445.0000    409.0000    403.0000    286.0000    159.0000     67.0000     11.0000  
    6225.0000     6457.0000  
   352.0000   1208.0000   2873.0000   3261.0000    196.0000   2419.0000     24.0000   2349.0000  
   559.0000   6818.0000   5305.0000  
35
   752.0000    783.0000    814.0000    852.0000    832.0000    720.0000    754.0000    937.0000    973.0000   1013.0000    912.0000    787.0000    773.0000    445.0000    409.0000    403.0000    286.0000    159.0000     67.0000     11.0000  
    6225.0000     6457.0000  
   352.0000   1208.0000   2873.0000   3261.0000    196.0000   2419.0000     24.0000   2349.0000  
   559.0000   6818.0000   5305.0000  
