                    0   10942437.999999996     
                    1   228.51567659339281     
                    2   47.577410006722900     
                    3   24.552655493499778     
                    4   14.174861681086803     
                    5   8.1629748650600540     
                    6   4.6973432774853610     
                    7   2.7031698967550586     
                    8   1.5559259131439764     
                    9  0.89576713796025298     
                   10  0.51578545876459203     
                   11  0.29702225078085753     
                   12  0.17105601366131659     
                   13   9.8515827234534975E-002
                   14   5.6739406776545119E-002
                   15   3.2679110976148937E-002
                   16   1.8821733644563361E-002
                   17   1.0840550475008783E-002
                   18   6.2437342224558419E-003
                   19   3.5961539248088002E-003
                   20   2.0712503618426862E-003
                   21   1.1929635893301990E-003
                   22   6.8710314362769350E-004
                   23   3.9574621835848585E-004
                   24   2.2793533569270960E-004
                   25   1.3128242080979292E-004
                   26   7.5613877432427641E-005
                   27   4.3550832823253558E-005
                   28   2.5083688484816484E-005
                   29   1.4447289689458950E-005
                   30   8.3211093888034527E-006
                   31   4.7926571223991829E-006
                   32   2.7603951055264015E-006
                   33   1.5898861546233419E-006
                   34   9.1571743459088924E-007
