   10841501.000000007     
   2390.2283106717059     
   628.75916715027938     
   173.42200763842447     
   52.511346616564815     
   18.609100874445843     
   7.7401122715942892     
   3.6095933489034806     
   1.7957029137224849     
  0.91930204714800245     
  0.47681651532741515     
  0.24876864651223807     
  0.13012291552199001     
   6.8148702249639453E-002
   3.5711598816007578E-002
   1.8718898857862768E-002
   9.8131553664292884E-003
   5.1447542330846537E-003
   2.6973285358955230E-003
   1.4141954507029039E-003
   7.4146059194374510E-004
   3.8874802218211331E-004
   2.0382104766922607E-004
   1.0686369881896494E-004
   5.6028821244662186E-005
   2.9376044618693517E-005
   1.5401898657778357E-005
   8.0752194554674361E-006
   4.2338843477957022E-006
   2.2198302066685216E-006
   1.1638589294780954E-006
   6.1021059667709654E-007
