   9835.0000000000000     
   10091.000000000000     
   9883.0000000000000     
   9892.0000000000000     
   10105.000000000000     
   9989.0000000000000     
   9970.0000000000000     
   9944.0000000000000     
   9958.0000000000000     
   10135.000000000000     
   9872.0000000000000     
   10274.000000000000     
   10035.000000000000     
   10216.000000000000     
   10095.000000000000     
   10061.000000000000     
   10071.000000000000     
   10043.000000000000     
   9967.0000000000000     
   9965.0000000000000     
   9970.0000000000000     
   10149.000000000000     
   10065.000000000000     
   9957.0000000000000     
   9883.0000000000000     
   10099.000000000000     
   9851.0000000000000     
   9911.0000000000000     
   9913.0000000000000     
   10105.000000000000     
   10149.000000000000     
   9996.0000000000000     
   10124.000000000000     
   9937.0000000000000     
   9933.0000000000000     
   9825.0000000000000     
   10016.000000000000     
   9932.0000000000000     
   9979.0000000000000     
   10125.000000000000     
   10021.000000000000     
   9932.0000000000000     
   9911.0000000000000     
   9981.0000000000000     
   10014.000000000000     
   10065.000000000000     
   9930.0000000000000     
   10172.000000000000     
   10142.000000000000     
   9904.0000000000000     
   9982.0000000000000     
   10028.000000000000     
   9870.0000000000000     
   10042.000000000000     
   9942.0000000000000     
   9948.0000000000000     
   10056.000000000000     
   9776.0000000000000     
   9837.0000000000000     
   9925.0000000000000     
   10025.000000000000     
   10079.000000000000     
   10084.000000000000     
   10071.000000000000     
   9994.0000000000000     
   9987.0000000000000     
   9885.0000000000000     
   9970.0000000000000     
   9946.0000000000000     
   10085.000000000000     
   9920.0000000000000     
   10127.000000000000     
   9951.0000000000000     
   9972.0000000000000     
   9868.0000000000000     
   10006.000000000000     
   10021.000000000000     
   10230.000000000000     
   10057.000000000000     
   9983.0000000000000     
   9849.0000000000000     
   9970.0000000000000     
   10012.000000000000     
   9974.0000000000000     
   9815.0000000000000     
   10142.000000000000     
   10189.000000000000     
   9958.0000000000000     
   10063.000000000000     
   10127.000000000000     
   10161.000000000000     
   9991.0000000000000     
   9904.0000000000000     
   9989.0000000000000     
   9991.0000000000000     
   9954.0000000000000     
   9965.0000000000000     
   9854.0000000000000     
   9944.0000000000000     
   10089.000000000000     
