   10841501.000000007     
                    0   2390.2283106717059     
                    0   628.75916715027938     
                    0   173.42200763842447     
                    0   52.511346616564815     
                    0   18.609100874445843     
                    0   7.7401122715942892     
                    0   3.6095933489034806     
                    0   1.7957029137224849     
                    0  0.91930204714800245     
                    0  0.47681651532741515     
                    0  0.24876864651223807     
                    0  0.13012291552199001     
                    0   6.8148702249639453E-002
                    0   3.5711598816007578E-002
                    0   1.8718898857862768E-002
                    0   9.8131553664292884E-003
                    0   5.1447542330846537E-003
                    0   2.6973285358955230E-003
                    0   1.4141954507029039E-003
                    0   7.4146059194374510E-004
                    0   3.8874802218211331E-004
                    0   2.0382104766922607E-004
                    0   1.0686369881896494E-004
                    0   5.6028821244662186E-005
                    0   2.9376044618693517E-005
                    0   1.5401898657778357E-005
                    0   8.0752194554674361E-006
                    0   4.2338843477957022E-006
                    0   2.2198302066685216E-006
                    0   1.1638589294780954E-006
                    0   6.1021059667709654E-007
