0
   331.7590    312.3485    316.3445    333.5424    350.5211    358.0694    369.9967    380.6879    406.8469    427.2709    403.2436    362.6595    336.1379    247.8373    231.1106    206.6181    156.3363     92.2415     26.8240      7.6039  
 5370234.0000  5581032.0000  
   170.0248    686.9730   1261.5101   1352.2912    129.6068   1178.4061     29.1881    850.0000  
   212.7405   3494.0662   1951.1933  
 1
   282.6380    257.2978    288.4843    369.0193    282.2598    230.0535    222.6872    290.7542    369.2685    392.7842    462.6601    484.5323    532.0658    344.3302    328.2457    246.3165    156.3501     93.3845     20.3053      4.5627  
    2858.1945     2799.8055  
   207.6580    858.6335   1552.1796   1465.9323     91.6917    623.0284      8.8765    850.0000  
   492.6858   3313.4320   1851.8822  
 2
   298.0055    271.2879    304.1716    323.2613    280.3894    250.0771    246.7971    318.5207    390.5583    400.8274    445.4817    454.4994    532.8357    343.0997    315.4601    229.9794    143.9858     85.9616     18.6522      4.1481  
    2866.8910     2791.1090  
   222.6176    858.7227   1576.0784   1436.2314     86.8174    618.5948      8.9378    850.0000  
   486.2017   3347.2658   1824.5325  
 3
   295.0114    268.5620    301.1146    318.4604    284.6263    254.9256    251.7296    324.3876    396.9790    406.0371    449.8429    456.5967    528.3590    337.9968    309.8351    225.5790    141.2535     84.3468     18.2922      4.0644  
    2862.9781     2795.0219  
   223.0070    860.1920   1577.8566   1433.5267     86.5480    617.9073      8.9625    850.0000  
   480.2169   3373.3084   1804.4747  
 4
   292.7316    266.4867    298.7878    316.3187    285.5686    257.0290    253.9037    327.1793    400.3770    409.2941    453.1046    458.5845    526.2363    335.5147    307.3448    223.6965    140.0530     83.6256     18.1343      4.0291  
    2863.4713     2794.5287  
   222.6582    859.6132   1577.7035   1433.7769     86.6936    618.5760      8.9786    850.0000  
   477.1549   3388.3928   1792.4523  
 5
   291.4256    265.2977    297.4549    315.1911    285.8457    258.0271    254.9571    328.5804    402.1538    411.0852    454.9669    459.7367    525.1396    334.2662    306.1577    222.8269    139.5086     83.3010     18.0642      4.0138  
    2864.1019     2793.8981  
   222.3691    858.9387   1577.4187   1434.2664     86.8264    619.1920      8.9887    850.0000  
   475.5946   3396.4798   1785.9255  
 6
   290.7297    264.6643    296.7447    314.6057    285.9382    258.5151    255.4781    329.2855    403.0652    412.0240    455.9589    460.3527    524.5773    333.6374    305.5770    222.4094    139.2506     83.1480     18.0315      4.0067  
    2864.5153     2793.4847  
   222.1951    858.5037   1577.2266   1434.6018     86.9078    619.5708      8.9941    850.0000  
   474.8041   3400.6725   1782.5234  
 7
   290.3702    264.3370    296.3778    314.3063    285.9728    258.7572    255.7381    329.6404    403.5282    412.5058    456.4717    460.6715    524.2915    333.3208    305.2890    222.2044    139.1248     83.0736     18.0156      4.0033  
    2864.7479     2793.2521  
   222.1005    858.2612   1577.1180   1434.7924     86.9524    619.7784      8.9970    850.0000  
   474.4050   3402.8127   1780.7823  
 8
   290.1870    264.1702    296.1909    314.1545    285.9873    258.8781    255.8684    329.8191    403.7622    412.7506    456.7331    460.8340    524.1469    333.1614    305.1451    222.1024    139.0625     83.0368     18.0078      4.0017  
    2864.8711     2793.1289  
   222.0511    858.1333   1577.0604   1434.8938     86.9758    619.8871      8.9985    850.0000  
   474.2039   3403.8971   1779.8991  
 9
   290.0943    264.0858    296.0962    314.0778    285.9939    258.9387    255.9338    329.9090    403.8803    412.8743    456.8654    460.9163    524.0740    333.0812    305.0729    222.0514    139.0313     83.0185     18.0039      4.0008  
    2864.9347     2793.0653  
   222.0259    858.0676   1577.0306   1434.9461     86.9877    619.9429      8.9992    850.0000  
   474.1026   3404.4445   1779.4529  
10
   290.0475    264.0432    296.0484    314.0392    285.9970    258.9692    255.9667    329.9542    403.9398    412.9367    456.9322    460.9579    524.0372    333.0409    305.0367    222.0258    139.0157     83.0093     18.0020      4.0004  
    2864.9670     2793.0330  
   222.0130    858.0341   1577.0155   1434.9728     86.9938    619.9712      8.9996    850.0000  
   474.0516   3404.7204   1779.2280  
11
   290.0239    264.0218    296.0244    314.0197    285.9985    258.9845    255.9833    329.9770    403.9697    412.9682    456.9659    460.9788    524.0187    333.0206    305.0184    222.0130    139.0079     83.0047     18.0010      4.0002  
    2864.9834     2793.0166  
   222.0066    858.0172   1577.0078   1434.9863     86.9969    619.9855      8.9998    850.0000  
   474.0260   3404.8593   1779.1147  
12
   290.0120    264.0109    296.0123    314.0099    285.9992    258.9922    255.9916    329.9884    403.9847    412.9840    456.9828    460.9893    524.0094    333.0103    305.0093    222.0065    139.0040     83.0023     18.0005      4.0001  
    2864.9916     2793.0084  
   222.0033    858.0087   1577.0039   1434.9931     86.9984    619.9927      8.9999    850.0000  
   474.0131   3404.9292   1779.0577  
13
   290.0060    264.0055    296.0062    314.0050    285.9996    258.9961    255.9958    329.9942    403.9923    412.9919    456.9914    460.9946    524.0047    333.0052    305.0047    222.0033    139.0020     83.0012     18.0003      4.0001  
    2864.9958     2793.0042  
   222.0017    858.0044   1577.0020   1434.9965     86.9992    619.9963      9.0000    850.0000  
   474.0066   3404.9644   1779.0290  
14
   290.0030    264.0028    296.0031    314.0025    285.9998    258.9980    255.9979    329.9971    403.9961    412.9959    456.9957    460.9973    524.0024    333.0026    305.0023    222.0017    139.0010     83.0006     18.0001      4.0000  
    2864.9979     2793.0021  
   222.0008    858.0022   1577.0010   1434.9983     86.9996    619.9981      9.0000    850.0000  
   474.0033   3404.9821   1779.0146  
15
   290.0015    264.0014    296.0016    314.0013    285.9999    258.9990    255.9989    329.9985    403.9981    412.9980    456.9978    460.9986    524.0012    333.0013    305.0012    222.0008    139.0005     83.0003     18.0001      4.0000  
    2864.9989     2793.0011  
   222.0004    858.0011   1577.0005   1434.9991     86.9998    619.9991      9.0000    850.0000  
   474.0017   3404.9910   1779.0074  
16
   290.0008    264.0007    296.0008    314.0006    286.0000    258.9995    255.9995    329.9993    403.9990    412.9990    456.9989    460.9993    524.0006    333.0007    305.0006    222.0004    139.0003     83.0002     18.0000      4.0000  
    2864.9995     2793.0005  
   222.0002    858.0006   1577.0003   1434.9996     86.9999    619.9995      9.0000    850.0000  
   474.0008   3404.9955   1779.0037  
17
   290.0004    264.0004    296.0004    314.0003    286.0000    258.9997    255.9997    329.9996    403.9995    412.9995    456.9994    460.9997    524.0003    333.0003    305.0003    222.0002    139.0001     83.0001     18.0000      4.0000  
    2864.9997     2793.0003  
   222.0001    858.0003   1577.0001   1434.9998     86.9999    619.9998      9.0000    850.0000  
   474.0004   3404.9977   1779.0019  
18
   290.0002    264.0002    296.0002    314.0002    286.0000    258.9999    255.9999    329.9998    403.9998    412.9997    456.9997    460.9998    524.0002    333.0002    305.0002    222.0001    139.0001     83.0000     18.0000      4.0000  
    2864.9999     2793.0001  
   222.0001    858.0001   1577.0001   1434.9999     87.0000    619.9999      9.0000    850.0000  
   474.0002   3404.9989   1779.0009  
19
   290.0001    264.0001    296.0001    314.0001    286.0000    258.9999    255.9999    329.9999    403.9999    412.9999    456.9999    460.9999    524.0001    333.0001    305.0001    222.0001    139.0000     83.0000     18.0000      4.0000  
    2864.9999     2793.0001  
   222.0000    858.0001   1577.0000   1434.9999     87.0000    619.9999      9.0000    850.0000  
   474.0001   3404.9994   1779.0005  
20
   290.0000    264.0000    296.0001    314.0000    286.0000    259.0000    256.0000    330.0000    403.9999    412.9999    456.9999    461.0000    524.0000    333.0000    305.0000    222.0000    139.0000     83.0000     18.0000      4.0000  
    2865.0000     2793.0000  
   222.0000    858.0000   1577.0000   1435.0000     87.0000    620.0000      9.0000    850.0000  
   474.0001   3404.9997   1779.0002  
21
   290.0000    264.0000    296.0000    314.0000    286.0000    259.0000    256.0000    330.0000    404.0000    413.0000    457.0000    461.0000    524.0000    333.0000    305.0000    222.0000    139.0000     83.0000     18.0000      4.0000  
    2865.0000     2793.0000  
   222.0000    858.0000   1577.0000   1435.0000     87.0000    620.0000      9.0000    850.0000  
   474.0000   3404.9999   1779.0001  
22
   290.0000    264.0000    296.0000    314.0000    286.0000    259.0000    256.0000    330.0000    404.0000    413.0000    457.0000    461.0000    524.0000    333.0000    305.0000    222.0000    139.0000     83.0000     18.0000      4.0000  
    2865.0000     2793.0000  
   222.0000    858.0000   1577.0000   1435.0000     87.0000    620.0000      9.0000    850.0000  
   474.0000   3404.9999   1779.0001  
23
   290.0000    264.0000    296.0000    314.0000    286.0000    259.0000    256.0000    330.0000    404.0000    413.0000    457.0000    461.0000    524.0000    333.0000    305.0000    222.0000    139.0000     83.0000     18.0000      4.0000  
    2865.0000     2793.0000  
   222.0000    858.0000   1577.0000   1435.0000     87.0000    620.0000      9.0000    850.0000  
   474.0000   3405.0000   1779.0000  
24
   290.0000    264.0000    296.0000    314.0000    286.0000    259.0000    256.0000    330.0000    404.0000    413.0000    457.0000    461.0000    524.0000    333.0000    305.0000    222.0000    139.0000     83.0000     18.0000      4.0000  
    2865.0000     2793.0000  
   222.0000    858.0000   1577.0000   1435.0000     87.0000    620.0000      9.0000    850.0000  
   474.0000   3405.0000   1779.0000  
25
   290.0000    264.0000    296.0000    314.0000    286.0000    259.0000    256.0000    330.0000    404.0000    413.0000    457.0000    461.0000    524.0000    333.0000    305.0000    222.0000    139.0000     83.0000     18.0000      4.0000  
    2865.0000     2793.0000  
   222.0000    858.0000   1577.0000   1435.0000     87.0000    620.0000      9.0000    850.0000  
   474.0000   3405.0000   1779.0000  
26
   290.0000    264.0000    296.0000    314.0000    286.0000    259.0000    256.0000    330.0000    404.0000    413.0000    457.0000    461.0000    524.0000    333.0000    305.0000    222.0000    139.0000     83.0000     18.0000      4.0000  
    2865.0000     2793.0000  
   222.0000    858.0000   1577.0000   1435.0000     87.0000    620.0000      9.0000    850.0000  
   474.0000   3405.0000   1779.0000  
27
   290.0000    264.0000    296.0000    314.0000    286.0000    259.0000    256.0000    330.0000    404.0000    413.0000    457.0000    461.0000    524.0000    333.0000    305.0000    222.0000    139.0000     83.0000     18.0000      4.0000  
    2865.0000     2793.0000  
   222.0000    858.0000   1577.0000   1435.0000     87.0000    620.0000      9.0000    850.0000  
   474.0000   3405.0000   1779.0000  
28
   290.0000    264.0000    296.0000    314.0000    286.0000    259.0000    256.0000    330.0000    404.0000    413.0000    457.0000    461.0000    524.0000    333.0000    305.0000    222.0000    139.0000     83.0000     18.0000      4.0000  
    2865.0000     2793.0000  
   222.0000    858.0000   1577.0000   1435.0000     87.0000    620.0000      9.0000    850.0000  
   474.0000   3405.0000   1779.0000  
29
   290.0000    264.0000    296.0000    314.0000    286.0000    259.0000    256.0000    330.0000    404.0000    413.0000    457.0000    461.0000    524.0000    333.0000    305.0000    222.0000    139.0000     83.0000     18.0000      4.0000  
    2865.0000     2793.0000  
   222.0000    858.0000   1577.0000   1435.0000     87.0000    620.0000      9.0000    850.0000  
   474.0000   3405.0000   1779.0000  
