                    0   10948094.999999998     
                    1   137.44634424950911     
                    2   47.782931070530786     
                    3   21.666577717430364     
                    4   11.073787915049088     
                    5   6.0639332514835047     
                    6   3.4253742303774319     
                    7   1.9634338492363110     
                    8   1.1335404090512602     
                    9  0.65648737006649427     
                   10  0.38078303516461415     
                   11  0.22103619211762560     
                   12  0.12835719339106952     
                   13   7.4553069622219983E-002
                   14   4.3306912475649335E-002
                   15   2.5157850116411005E-002
                   16   1.4615142288594989E-002
                   17   8.4906267907588952E-003
                   18   4.9326510936334852E-003
                   19   2.8656505276703518E-003
                   20   1.6648199602705394E-003
                   21   9.6719046884284729E-004
                   22   5.6189753879646817E-004
                   23   3.2643932556303187E-004
                   24   1.8964785688540951E-004
                   25   1.1017764391317036E-004
                   26   6.4008707875485416E-005
                   27   3.7186445272645476E-005
                   28   2.1603806826756802E-005
                   29   1.2550930845316090E-005
                   30   7.2915778885475433E-006
                   31   4.2361099059522232E-006
                   32   2.4610067487485757E-006
                   33   1.4297443358452682E-006
                   34   8.3062296754157013E-007
