0
   290.5234    273.5273    277.0337    292.0961    307.0423    313.6836    324.0981    333.4298    356.3215    374.2351    353.2338    317.7209    294.5300    217.2494    202.7218    181.4131    137.4715     81.2598     23.6787      6.7302  
 5370234.0000  5581032.0000  
   125.8011    520.3310   1026.8780   1182.1801    121.5463   1028.2178     24.0457    929.0000  
   184.8146   2851.4772   1921.7083  
 1
   277.1183    275.2283    326.3093    311.8684    302.7803    232.7390    274.9806    338.2880    407.2404    438.4755    368.7398    335.7592    333.8176    202.5019    182.3658    166.2960    113.2969     57.8862      9.4693      2.8392  
    2507.8453     2450.1547  
   125.0698    474.8980   1172.8880   1281.5880     84.9371    875.4178     14.2013    929.0000  
   213.6124   2764.5492   1979.8384  
 2
   285.9352    283.9836    336.6824    286.6625    302.6266    236.8048    278.5822    340.0014    402.0188    427.4573    357.1602    326.6005    336.5814    207.6700    187.9429    171.2992    117.1571     60.0365      9.8434      2.9540  
    2475.8367     2482.1633  
   125.8652    474.3408   1193.6911   1275.9979     82.9369    862.0829     14.0853    929.0000  
   215.3695   2732.8506   2009.7799  
 3
   289.2574    287.2830    340.5937    285.9168    303.1633    235.8164    277.3366    338.0721    398.9709    423.4681    353.6786    324.3068    337.6072    209.1721    189.3519    172.5537    118.0408     60.5113      9.9216      2.9776  
    2474.0796     2483.9204  
   126.4129    476.1454   1197.1550   1274.2277     82.4195    858.6011     14.0385    929.0000  
   216.4714   2717.2650   2024.2636  
 4
   290.9194    288.9337    342.5505    286.6745    303.1834    235.0832    276.3893    336.7969    397.2713    421.4996    352.0319    323.2653    338.1972    209.9467    190.0363    173.1436    118.4286     60.7091      9.9532      2.9866  
    2473.1190     2484.8810  
   126.6933    477.0438   1198.1333   1273.5830     82.2150    857.3112     14.0205    929.0000  
   217.1145   2708.9183   2031.9672  
 5
   291.8173    289.8254    343.6076    287.2214    303.1296    234.6335    275.8103    336.0416    396.3063    420.4257    351.1527    322.7166    338.5371    210.3900    190.4364    173.4954    118.6616     60.8276      9.9721      2.9920  
    2472.6121     2485.3879  
   126.8322    477.4808   1198.5404   1273.3053     82.1175    856.7122     14.0115    929.0000  
   217.4873   2704.2580   2036.2547  
 6
   292.3210    290.3256    344.2006    287.5482    303.0813    234.3681    275.4701    335.6028    395.7535    419.8196    350.6611    322.4110    338.7329    210.6468    190.6721    173.7053    118.8019     60.8990      9.9837      2.9953  
    2472.3436     2485.6564  
   126.9055    477.7087   1198.7441   1273.1685     82.0662    856.4003     14.0066    929.0000  
   217.7033   2701.6056   2038.6911  
 7
   292.6084    290.6111    344.5389    287.7384    303.0488    234.2134    275.2724    335.3488    395.4354    419.4729    350.3811    322.2369    338.8458    210.7956    190.8098    173.8287    118.8848     60.9412      9.9905      2.9972  
    2472.1959     2485.8041  
   126.9460    477.8339   1198.8545   1273.0954     82.0378    856.2285     14.0038    929.0000  
   217.8282   2700.0826   2040.0891  
 8
   292.7737    290.7752    344.7335    287.8485    303.0288    234.1236    275.1577    335.2019    395.2518    419.2733    350.2202    322.1369    338.9109    210.8817    190.8898    173.9007    118.9331     60.9659      9.9945      2.9984  
    2472.1126     2485.8874  
   126.9690    477.9045   1198.9165   1273.0546     82.0218    856.1314     14.0022    929.0000  
   217.9006   2699.2044   2040.8950  
 9
   292.8691    290.8700    344.8459    287.9123    303.0168    234.0716    275.0913    335.1169    395.1457    419.1581    350.1273    322.0792    338.9484    210.9315    190.9361    173.9424    118.9612     60.9802      9.9968      2.9991  
    2472.0649     2485.9351  
   126.9821    477.9449   1198.9519   1273.0315     82.0126    856.0758     14.0013    929.0000  
   217.9424   2698.6969   2041.3606  
10
   292.9242    290.9247    344.9108    287.9492    303.0098    234.0415    275.0529    335.0677    395.0843    419.0915    350.0737    322.0458    338.9702    210.9603    190.9630    173.9667    118.9775     60.9885      9.9981      2.9995  
    2472.0375     2485.9625  
   126.9896    477.9682   1198.9722   1273.0182     82.0073    856.0438     14.0007    929.0000  
   217.9667   2698.4034   2041.6299  
11
   292.9561    290.9564    344.9484    287.9706    303.0057    234.0240    275.0306    335.0392    395.0488    419.0530    350.0427    322.0265    338.9827    210.9770    190.9786    173.9807    118.9870     60.9934      9.9989      2.9997  
    2472.0217     2485.9783  
   126.9940    477.9816   1198.9839   1273.0105     82.0042    856.0254     14.0004    929.0000  
   217.9807   2698.2336   2041.7857  
12
   292.9746    290.9748    344.9701    287.9830    303.0033    234.0139    275.0177    335.0227    395.0283    419.0307    350.0247    322.0154    338.9900    210.9867    190.9876    173.9888    118.9925     60.9962      9.9994      2.9998  
    2472.0126     2485.9874  
   126.9965    477.9893   1198.9907   1273.0061     82.0024    856.0147     14.0002    929.0000  
   217.9888   2698.1352   2041.8759  
13
   292.9853    290.9854    344.9827    287.9901    303.0019    234.0081    275.0103    335.0131    395.0164    419.0178    350.0143    322.0089    338.9942    210.9923    190.9928    173.9935    118.9956     60.9978      9.9996      2.9999  
    2472.0073     2485.9927  
   126.9980    477.9938   1198.9946   1273.0035     82.0014    856.0085     14.0001    929.0000  
   217.9935   2698.0783   2041.9282  
14
   292.9915    290.9915    344.9900    287.9943    303.0011    234.0047    275.0059    335.0076    395.0095    419.0103    350.0083    322.0052    338.9966    210.9955    190.9958    173.9963    118.9975     60.9987      9.9998      2.9999  
    2472.0042     2485.9958  
   126.9988    477.9964   1198.9969   1273.0020     82.0008    856.0049     14.0001    929.0000  
   217.9963   2698.0453   2041.9584  
15
   292.9951    290.9951    344.9942    287.9967    303.0006    234.0027    275.0034    335.0044    395.0055    419.0060    350.0048    322.0030    338.9981    210.9974    190.9976    173.9978    118.9985     60.9993      9.9999      3.0000  
    2472.0024     2485.9976  
   126.9993    477.9979   1198.9982   1273.0012     82.0005    856.0028     14.0000    929.0000  
   217.9978   2698.0263   2041.9759  
16
   292.9971    290.9972    344.9966    287.9981    303.0004    234.0016    275.0020    335.0025    395.0032    419.0034    350.0028    322.0017    338.9989    210.9985    190.9986    173.9987    118.9992     60.9996      9.9999      3.0000  
    2472.0014     2485.9986  
   126.9996    477.9988   1198.9990   1273.0007     82.0003    856.0016     14.0000    929.0000  
   217.9987   2698.0152   2041.9861  
17
   292.9983    290.9984    344.9981    287.9989    303.0002    234.0009    275.0012    335.0015    395.0018    419.0020    350.0016    322.0010    338.9993    210.9991    190.9992    173.9993    118.9995     60.9997     10.0000      3.0000  
    2472.0008     2485.9992  
   126.9998    477.9993   1198.9994   1273.0004     82.0002    856.0010     14.0000    929.0000  
   217.9993   2698.0088   2041.9919  
18
   292.9990    290.9990    344.9989    287.9994    303.0001    234.0005    275.0007    335.0009    395.0011    419.0012    350.0009    322.0006    338.9996    210.9995    190.9995    173.9996    118.9997     60.9999     10.0000      3.0000  
    2472.0005     2485.9995  
   126.9999    477.9996   1198.9996   1273.0002     82.0001    856.0006     14.0000    929.0000  
   217.9996   2698.0051   2041.9953  
19
   292.9994    290.9994    344.9993    287.9996    303.0001    234.0003    275.0004    335.0005    395.0006    419.0007    350.0005    322.0003    338.9998    210.9997    190.9997    173.9998    118.9998     60.9999     10.0000      3.0000  
    2472.0003     2485.9997  
   126.9999    477.9998   1198.9998   1273.0001     82.0001    856.0003     14.0000    929.0000  
   217.9998   2698.0030   2041.9973  
20
   292.9997    290.9997    344.9996    287.9998    303.0000    234.0002    275.0002    335.0003    395.0004    419.0004    350.0003    322.0002    338.9999    210.9998    190.9998    173.9999    118.9999     61.0000     10.0000      3.0000  
    2472.0002     2485.9998  
   127.0000    477.9999   1198.9999   1273.0001     82.0000    856.0002     14.0000    929.0000  
   217.9999   2698.0017   2041.9984  
21
   292.9998    290.9998    344.9998    287.9999    303.0000    234.0001    275.0001    335.0002    395.0002    419.0002    350.0002    322.0001    338.9999    210.9999    190.9999    173.9999    118.9999     61.0000     10.0000      3.0000  
    2472.0001     2485.9999  
   127.0000    477.9999   1198.9999   1273.0000     82.0000    856.0001     14.0000    929.0000  
   217.9999   2698.0010   2041.9991  
22
   292.9999    290.9999    344.9999    287.9999    303.0000    234.0001    275.0001    335.0001    395.0001    419.0001    350.0001    322.0001    339.0000    210.9999    190.9999    174.0000    119.0000     61.0000     10.0000      3.0000  
    2472.0001     2485.9999  
   127.0000    478.0000   1199.0000   1273.0000     82.0000    856.0001     14.0000    929.0000  
   218.0000   2698.0006   2041.9995  
23
   292.9999    290.9999    344.9999    288.0000    303.0000    234.0000    275.0000    335.0001    395.0001    419.0001    350.0001    322.0000    339.0000    211.0000    191.0000    174.0000    119.0000     61.0000     10.0000      3.0000  
    2472.0000     2486.0000  
   127.0000    478.0000   1199.0000   1273.0000     82.0000    856.0000     14.0000    929.0000  
   218.0000   2698.0003   2041.9997  
24
   293.0000    291.0000    345.0000    288.0000    303.0000    234.0000    275.0000    335.0000    395.0000    419.0000    350.0000    322.0000    339.0000    211.0000    191.0000    174.0000    119.0000     61.0000     10.0000      3.0000  
    2472.0000     2486.0000  
   127.0000    478.0000   1199.0000   1273.0000     82.0000    856.0000     14.0000    929.0000  
   218.0000   2698.0002   2041.9998  
25
   293.0000    291.0000    345.0000    288.0000    303.0000    234.0000    275.0000    335.0000    395.0000    419.0000    350.0000    322.0000    339.0000    211.0000    191.0000    174.0000    119.0000     61.0000     10.0000      3.0000  
    2472.0000     2486.0000  
   127.0000    478.0000   1199.0000   1273.0000     82.0000    856.0000     14.0000    929.0000  
   218.0000   2698.0001   2041.9999  
26
   293.0000    291.0000    345.0000    288.0000    303.0000    234.0000    275.0000    335.0000    395.0000    419.0000    350.0000    322.0000    339.0000    211.0000    191.0000    174.0000    119.0000     61.0000     10.0000      3.0000  
    2472.0000     2486.0000  
   127.0000    478.0000   1199.0000   1273.0000     82.0000    856.0000     14.0000    929.0000  
   218.0000   2698.0001   2041.9999  
27
   293.0000    291.0000    345.0000    288.0000    303.0000    234.0000    275.0000    335.0000    395.0000    419.0000    350.0000    322.0000    339.0000    211.0000    191.0000    174.0000    119.0000     61.0000     10.0000      3.0000  
    2472.0000     2486.0000  
   127.0000    478.0000   1199.0000   1273.0000     82.0000    856.0000     14.0000    929.0000  
   218.0000   2698.0000   2042.0000  
28
   293.0000    291.0000    345.0000    288.0000    303.0000    234.0000    275.0000    335.0000    395.0000    419.0000    350.0000    322.0000    339.0000    211.0000    191.0000    174.0000    119.0000     61.0000     10.0000      3.0000  
    2472.0000     2486.0000  
   127.0000    478.0000   1199.0000   1273.0000     82.0000    856.0000     14.0000    929.0000  
   218.0000   2698.0000   2042.0000  
29
   293.0000    291.0000    345.0000    288.0000    303.0000    234.0000    275.0000    335.0000    395.0000    419.0000    350.0000    322.0000    339.0000    211.0000    191.0000    174.0000    119.0000     61.0000     10.0000      3.0000  
    2472.0000     2486.0000  
   127.0000    478.0000   1199.0000   1273.0000     82.0000    856.0000     14.0000    929.0000  
   218.0000   2698.0000   2042.0000  
30
   293.0000    291.0000    345.0000    288.0000    303.0000    234.0000    275.0000    335.0000    395.0000    419.0000    350.0000    322.0000    339.0000    211.0000    191.0000    174.0000    119.0000     61.0000     10.0000      3.0000  
    2472.0000     2486.0000  
   127.0000    478.0000   1199.0000   1273.0000     82.0000    856.0000     14.0000    929.0000  
   218.0000   2698.0000   2042.0000  
31
   293.0000    291.0000    345.0000    288.0000    303.0000    234.0000    275.0000    335.0000    395.0000    419.0000    350.0000    322.0000    339.0000    211.0000    191.0000    174.0000    119.0000     61.0000     10.0000      3.0000  
    2472.0000     2486.0000  
   127.0000    478.0000   1199.0000   1273.0000     82.0000    856.0000     14.0000    929.0000  
   218.0000   2698.0000   2042.0000  
32
   293.0000    291.0000    345.0000    288.0000    303.0000    234.0000    275.0000    335.0000    395.0000    419.0000    350.0000    322.0000    339.0000    211.0000    191.0000    174.0000    119.0000     61.0000     10.0000      3.0000  
    2472.0000     2486.0000  
   127.0000    478.0000   1199.0000   1273.0000     82.0000    856.0000     14.0000    929.0000  
   218.0000   2698.0000   2042.0000  
33
   293.0000    291.0000    345.0000    288.0000    303.0000    234.0000    275.0000    335.0000    395.0000    419.0000    350.0000    322.0000    339.0000    211.0000    191.0000    174.0000    119.0000     61.0000     10.0000      3.0000  
    2472.0000     2486.0000  
   127.0000    478.0000   1199.0000   1273.0000     82.0000    856.0000     14.0000    929.0000  
   218.0000   2698.0000   2042.0000  
34
   293.0000    291.0000    345.0000    288.0000    303.0000    234.0000    275.0000    335.0000    395.0000    419.0000    350.0000    322.0000    339.0000    211.0000    191.0000    174.0000    119.0000     61.0000     10.0000      3.0000  
    2472.0000     2486.0000  
   127.0000    478.0000   1199.0000   1273.0000     82.0000    856.0000     14.0000    929.0000  
   218.0000   2698.0000   2042.0000  
