0
   580.6752    546.7017    553.6977    583.7996    613.5374    626.7573    647.6257    666.3305    712.1122    747.8675    705.8231    634.7960    588.3842    433.8440    404.5986    361.7658    273.7815    161.5752     46.9988     13.3277  
 5370234.0000  5581032.0000  
   231.2936    977.8746   2067.1461   2386.5309    254.5259   2061.6998     46.9290   1878.0000  
   380.8357   5609.4648   3913.6995  
 1
   561.1404    612.4200    643.3919    730.6930    634.2288    547.6775    551.6379    728.3975    774.0426    749.6243    772.8590    679.2622    600.5454    347.2266    324.9440    263.8991    214.3249    120.3435     33.5229     13.8186  
    5062.7640     4841.2360  
   229.8783    958.6050   2315.1742   2514.7375    166.4226   1817.1151     24.0674   1878.0000  
   507.5787   5472.4346   3923.9867  
 2
   575.3834    627.9617    659.7078    681.1093    638.0135    559.7756    562.8570    738.9359    773.3469    739.5073    753.0834    660.4059    602.1448    351.5934    328.7197    266.0312    216.1498    121.4775     33.8549     13.9410  
    5008.8103     4895.1897  
   233.1474    952.9988   2348.3440   2502.2395    162.8744   1802.3372     24.0588   1878.0000  
   508.6907   5448.0267   3947.2826  
 3
   577.9696    630.7841    662.6724    677.3566    639.7034    559.7969    562.9006    738.3995    771.7844    736.9907    750.1130    658.3113    602.4363    352.3089    329.4197    266.5890    216.6944    121.8301     33.9554     13.9838  
    5006.4019     4897.5981  
   233.6158    954.6643   2353.3471   2500.0089    162.2941   1798.0501     24.0197   1878.0000  
   509.2246   5438.3890   3956.3864  
 4
   578.9964    631.9047    663.8495    677.3673    639.9621    559.5156    562.5783    737.8364    770.9797    736.0141    749.0341    657.6159    602.6667    352.6138    329.6597    266.7460    216.8062    121.8930     33.9714     13.9893  
    5005.6702     4898.3298  
   233.8281    955.4207   2354.4241   2499.3720    162.1232   1796.8235     24.0084   1878.0000  
   509.5589   5433.9494   3960.4916  
 5
   579.4706    632.4222    664.3931    677.6108    640.0097    559.3040    562.3385    737.4779    770.5431    735.5449    748.5442    657.3173    602.8079    352.7809    329.8001    266.8462    216.8801    121.9335     33.9820     13.9930  
    5005.3262     4898.6738  
   233.9166    955.7243   2354.7475   2499.1613    162.0591   1796.3871     24.0042   1878.0000  
   509.7516   5431.6926   3962.5557  
 6
   579.7119    632.6856    664.6697    677.7770    640.0130    559.1735    562.1924    737.2691    770.3021    735.2992    748.2960    657.1708    602.8912    352.8765    329.8855    266.9107    216.9297    121.9609     33.9893     13.9958  
    5005.1683     4898.8317  
   233.9566    955.8584   2354.8743   2499.0788    162.0307   1796.1990     24.0022   1878.0000  
   509.8609   5430.4857   3963.6534  
 7
   579.8410    632.8265    664.8177    677.8745    640.0091    559.0977    562.1082    737.1507    770.1684    735.1658    748.1633    657.0938    602.9389    352.9308    329.9353    266.9492    216.9599    121.9777     33.9939     13.9976  
    5005.0904     4898.9096  
   233.9766    955.9240   2354.9334   2499.0413    162.0166   1796.1070     24.0012   1878.0000  
   509.9222   5429.8250   3964.2528  
 8
   579.9117    632.9036    664.8988    677.9297    640.0055    559.0548    562.0606    737.0842    770.0939    735.0922    748.0907    657.0520    602.9658    352.9613    329.9637    266.9715    216.9774    121.9874     33.9966     13.9986  
    5005.0495     4898.9505  
   233.9871    955.9583   2354.9637   2499.0224    162.0091   1796.0587     24.0007   1878.0000  
   509.9566   5429.4593   3964.5841  
 9
   579.9508    632.9463    664.9436    677.9607    640.0032    559.0306    562.0338    737.0470    770.0524    735.0514    748.0505    657.0289    602.9809    352.9784    329.9797    266.9840    216.9873    121.9929     33.9981     13.9992  
    5005.0274     4898.9726  
   233.9929    955.9769   2354.9799   2499.0123    162.0050   1796.0325     24.0004   1878.0000  
   509.9758   5429.2560   3964.7682  
10
   579.9726    632.9701    664.9686    677.9781    640.0018    559.0171    562.0189    737.0262    770.0292    735.0287    748.0281    657.0161    602.9893    352.9879    329.9887    266.9911    216.9929    121.9961     33.9989     13.9996  
    5005.0153     4898.9847  
   233.9960    955.9872   2354.9889   2499.0068    162.0028   1796.0181     24.0002   1878.0000  
   509.9865   5429.1428   3964.8707  
11
   579.9847    632.9833    664.9825    677.9878    640.0010    559.0095    562.0105    737.0146    770.0163    735.0160    748.0157    657.0090    602.9940    352.9933    329.9937    266.9950    216.9960    121.9978     33.9994     13.9998  
    5005.0085     4898.9915  
   233.9978    955.9929   2354.9938   2499.0038    162.0016   1796.0101     24.0001   1878.0000  
   509.9925   5429.0797   3964.9279  
12
   579.9915    632.9907    664.9902    677.9932    640.0006    559.0053    562.0059    737.0082    770.0091    735.0089    748.0088    657.0050    602.9967    352.9962    329.9965    266.9972    216.9978    121.9988     33.9997     13.9999  
    5005.0047     4898.9953  
   233.9988    955.9960   2354.9965   2499.0021    162.0009   1796.0056     24.0001   1878.0000  
   509.9958   5429.0445   3964.9598  
13
   579.9952    632.9948    664.9945    677.9962    640.0003    559.0030    562.0033    737.0046    770.0051    735.0050    748.0049    657.0028    602.9981    352.9979    329.9980    266.9984    216.9988    121.9993     33.9998     13.9999  
    5005.0026     4898.9974  
   233.9993    955.9978   2354.9981   2499.0012    162.0005   1796.0031     24.0000   1878.0000  
   509.9976   5429.0248   3964.9775  
14
   579.9973    632.9971    664.9970    677.9979    640.0002    559.0017    562.0018    737.0025    770.0028    735.0028    748.0027    657.0016    602.9990    352.9988    329.9989    266.9991    216.9993    121.9996     33.9999     14.0000  
    5005.0015     4898.9985  
   233.9996    955.9988   2354.9989   2499.0007    162.0003   1796.0017     24.0000   1878.0000  
   509.9987   5429.0138   3964.9875  
15
   579.9985    632.9984    664.9983    677.9988    640.0001    559.0009    562.0010    737.0014    770.0016    735.0015    748.0015    657.0009    602.9994    352.9993    329.9994    266.9995    216.9996    121.9998     33.9999     14.0000  
    5005.0008     4898.9992  
   233.9998    955.9993   2354.9994   2499.0004    162.0002   1796.0010     24.0000   1878.0000  
   509.9993   5429.0077   3964.9930  
16
   579.9992    632.9991    664.9991    677.9993    640.0001    559.0005    562.0006    737.0008    770.0009    735.0009    748.0008    657.0005    602.9997    352.9996    329.9997    266.9997    216.9998    121.9999     34.0000     14.0000  
    5005.0005     4898.9995  
   233.9999    955.9996   2354.9997   2499.0002    162.0001   1796.0005     24.0000   1878.0000  
   509.9996   5429.0043   3964.9961  
17
   579.9995    632.9995    664.9995    677.9996    640.0000    559.0003    562.0003    737.0004    770.0005    735.0005    748.0005    657.0003    602.9998    352.9998    329.9998    266.9998    216.9999    121.9999     34.0000     14.0000  
    5005.0003     4898.9997  
   233.9999    955.9998   2354.9998   2499.0001    162.0000   1796.0003     24.0000   1878.0000  
   509.9998   5429.0024   3964.9978  
18
   579.9997    632.9997    664.9997    677.9998    640.0000    559.0002    562.0002    737.0002    770.0003    735.0003    748.0003    657.0002    602.9999    352.9999    329.9999    266.9999    216.9999    122.0000     34.0000     14.0000  
    5005.0001     4898.9999  
   234.0000    955.9999   2354.9999   2499.0001    162.0000   1796.0002     24.0000   1878.0000  
   509.9999   5429.0013   3964.9988  
19
   579.9999    632.9998    664.9998    677.9999    640.0000    559.0001    562.0001    737.0001    770.0002    735.0002    748.0001    657.0001    602.9999    352.9999    329.9999    267.0000    217.0000    122.0000     34.0000     14.0000  
    5005.0001     4898.9999  
   234.0000    955.9999   2354.9999   2499.0000    162.0000   1796.0001     24.0000   1878.0000  
   509.9999   5429.0007   3964.9993  
20
   579.9999    632.9999    664.9999    677.9999    640.0000    559.0001    562.0001    737.0001    770.0001    735.0001    748.0001    657.0000    603.0000    353.0000    330.0000    267.0000    217.0000    122.0000     34.0000     14.0000  
    5005.0000     4899.0000  
   234.0000    956.0000   2355.0000   2499.0000    162.0000   1796.0001     24.0000   1878.0000  
   510.0000   5429.0004   3964.9996  
21
   580.0000    633.0000    664.9999    678.0000    640.0000    559.0000    562.0000    737.0000    770.0000    735.0000    748.0000    657.0000    603.0000    353.0000    330.0000    267.0000    217.0000    122.0000     34.0000     14.0000  
    5005.0000     4899.0000  
   234.0000    956.0000   2355.0000   2499.0000    162.0000   1796.0000     24.0000   1878.0000  
   510.0000   5429.0002   3964.9998  
22
   580.0000    633.0000    665.0000    678.0000    640.0000    559.0000    562.0000    737.0000    770.0000    735.0000    748.0000    657.0000    603.0000    353.0000    330.0000    267.0000    217.0000    122.0000     34.0000     14.0000  
    5005.0000     4899.0000  
   234.0000    956.0000   2355.0000   2499.0000    162.0000   1796.0000     24.0000   1878.0000  
   510.0000   5429.0001   3964.9999  
23
   580.0000    633.0000    665.0000    678.0000    640.0000    559.0000    562.0000    737.0000    770.0000    735.0000    748.0000    657.0000    603.0000    353.0000    330.0000    267.0000    217.0000    122.0000     34.0000     14.0000  
    5005.0000     4899.0000  
   234.0000    956.0000   2355.0000   2499.0000    162.0000   1796.0000     24.0000   1878.0000  
   510.0000   5429.0001   3964.9999  
24
   580.0000    633.0000    665.0000    678.0000    640.0000    559.0000    562.0000    737.0000    770.0000    735.0000    748.0000    657.0000    603.0000    353.0000    330.0000    267.0000    217.0000    122.0000     34.0000     14.0000  
    5005.0000     4899.0000  
   234.0000    956.0000   2355.0000   2499.0000    162.0000   1796.0000     24.0000   1878.0000  
   510.0000   5429.0000   3965.0000  
25
   580.0000    633.0000    665.0000    678.0000    640.0000    559.0000    562.0000    737.0000    770.0000    735.0000    748.0000    657.0000    603.0000    353.0000    330.0000    267.0000    217.0000    122.0000     34.0000     14.0000  
    5005.0000     4899.0000  
   234.0000    956.0000   2355.0000   2499.0000    162.0000   1796.0000     24.0000   1878.0000  
   510.0000   5429.0000   3965.0000  
26
   580.0000    633.0000    665.0000    678.0000    640.0000    559.0000    562.0000    737.0000    770.0000    735.0000    748.0000    657.0000    603.0000    353.0000    330.0000    267.0000    217.0000    122.0000     34.0000     14.0000  
    5005.0000     4899.0000  
   234.0000    956.0000   2355.0000   2499.0000    162.0000   1796.0000     24.0000   1878.0000  
   510.0000   5429.0000   3965.0000  
27
   580.0000    633.0000    665.0000    678.0000    640.0000    559.0000    562.0000    737.0000    770.0000    735.0000    748.0000    657.0000    603.0000    353.0000    330.0000    267.0000    217.0000    122.0000     34.0000     14.0000  
    5005.0000     4899.0000  
   234.0000    956.0000   2355.0000   2499.0000    162.0000   1796.0000     24.0000   1878.0000  
   510.0000   5429.0000   3965.0000  
28
   580.0000    633.0000    665.0000    678.0000    640.0000    559.0000    562.0000    737.0000    770.0000    735.0000    748.0000    657.0000    603.0000    353.0000    330.0000    267.0000    217.0000    122.0000     34.0000     14.0000  
    5005.0000     4899.0000  
   234.0000    956.0000   2355.0000   2499.0000    162.0000   1796.0000     24.0000   1878.0000  
   510.0000   5429.0000   3965.0000  
29
   580.0000    633.0000    665.0000    678.0000    640.0000    559.0000    562.0000    737.0000    770.0000    735.0000    748.0000    657.0000    603.0000    353.0000    330.0000    267.0000    217.0000    122.0000     34.0000     14.0000  
    5005.0000     4899.0000  
   234.0000    956.0000   2355.0000   2499.0000    162.0000   1796.0000     24.0000   1878.0000  
   510.0000   5429.0000   3965.0000  
30
   580.0000    633.0000    665.0000    678.0000    640.0000    559.0000    562.0000    737.0000    770.0000    735.0000    748.0000    657.0000    603.0000    353.0000    330.0000    267.0000    217.0000    122.0000     34.0000     14.0000  
    5005.0000     4899.0000  
   234.0000    956.0000   2355.0000   2499.0000    162.0000   1796.0000     24.0000   1878.0000  
   510.0000   5429.0000   3965.0000  
31
   580.0000    633.0000    665.0000    678.0000    640.0000    559.0000    562.0000    737.0000    770.0000    735.0000    748.0000    657.0000    603.0000    353.0000    330.0000    267.0000    217.0000    122.0000     34.0000     14.0000  
    5005.0000     4899.0000  
   234.0000    956.0000   2355.0000   2499.0000    162.0000   1796.0000     24.0000   1878.0000  
   510.0000   5429.0000   3965.0000  
