0
   282.4559    265.9315    269.3399    283.9838    298.5073    304.9611    315.0894    324.1650    346.4225    363.8359    343.4139    308.8846    286.3342    211.1952    197.0591    176.3284    133.5981     78.9555     23.0025      6.5363  
 5370234.0000  5581032.0000  
   115.1050    486.1827    992.2913   1138.1263    121.6593    991.9208     22.7147    952.0000  
   183.6936   2789.0942   1847.2121  
 1
   298.6761    288.2146    318.6599    356.9574    287.4170    269.5054    281.0125    386.0018    313.4208    380.9407    368.7282    330.3340    264.8950    156.6951    160.5396    142.8711    139.7144     57.0744     16.4104      1.9316  
    2438.9296     2381.0704  
   112.4336    465.8951   1158.5756   1273.3510     73.3020    774.4136     10.0291    952.0000  
   296.9672   2689.6172   1833.4156  
 2
   309.8340    298.9801    330.5560    321.6442    283.4906    276.7852    288.9044    394.0781    313.0235    374.2431    355.1018    316.6307    266.9838    160.5163    164.3317    145.4680    142.3684     58.2922     16.7928      1.9751  
    2409.1677     2410.8323  
   114.5177    458.5545   1178.3962   1265.7905     71.4690    769.2374     10.0347    952.0000  
   298.9706   2672.5288   1848.5006  
 3
   311.8194    300.8959    332.6739    319.8621    284.0912    276.1772    288.3283    392.9610    311.7127    372.1734    353.0328    315.2346    267.3694    161.2139    165.1891    146.3008    143.3273     58.7242     16.9217      1.9911  
    2408.0017     2411.9983  
   114.7105    459.0867   1180.9619   1264.7041     71.1970    767.3252     10.0146    952.0000  
   299.8123   2664.2452   1855.9425  
 4
   312.7905    301.8329    333.7097    320.1973    284.0949    275.7025    287.7969    392.1534    310.9798    371.2103    352.1175    314.6705    267.6348    161.5528    165.5391    146.6019    143.6191     58.8450     16.9561      1.9951  
    2407.5835     2412.4165  
   114.8434    459.5143   1181.5452   1264.3339     71.1003    766.6554     10.0074    952.0000  
   300.3132   2659.8074   1859.8794  
 5
   313.3133    302.3373    334.2674    320.5213    284.0651    275.4106    287.4655    391.6693    310.5636    370.6897    351.6331    314.3783    267.7887    161.7416    165.7318    146.7670    143.7764     58.9090     16.9742      1.9971  
    2407.3237     2412.6763  
   114.9138    459.7349   1181.7629   1264.1751     71.0548    766.3545     10.0041    952.0000  
   300.6030   2657.3274   1862.0696  
 6
   313.6062    302.6200    334.5799    320.7217    284.0404    275.2383    287.2699    391.3871    310.3249    370.3962    351.3628    314.2165    267.8778    161.8505    165.8442    146.8642    143.8694     58.9468     16.9849      1.9983  
    2407.1820     2412.8180  
   114.9514    459.8512   1181.8685   1264.0967     71.0309    766.1990     10.0023    952.0000  
   300.7705   2655.9155   1863.3140  
 7
   313.7732    302.7811    334.7580    320.8390    284.0240    275.1380    287.1562    391.2237    310.1875    370.2284    351.2089    314.1246    267.9294    161.9136    165.9097    146.9212    143.9242     58.9691     16.9912      1.9990  
    2407.1037     2412.8963  
   114.9722    459.9152   1181.9253   1264.0548     71.0176    766.1135     10.0013    952.0000  
   300.8674   2655.1050   1864.0276  
 8
   313.8691    302.8737    334.8604    320.9069    284.0141    275.0798    287.0903    391.1293    310.1083    370.1318    351.1205    314.0719    267.9592    161.9500    165.9478    146.9544    143.9561     58.9821     16.9949      1.9994  
    2407.0595     2412.9405  
   114.9840    459.9513   1181.9572   1264.0314     71.0101    766.0652     10.0008    952.0000  
   300.9233   2654.6381   1864.4385  
 9
   313.9244    302.9270    334.9194    320.9462    284.0082    275.0461    287.0522    391.0747    310.0626    370.0761    351.0696    314.0415    267.9764    161.9711    165.9698    146.9736    143.9746     58.9896     16.9971      1.9997  
    2407.0343     2412.9657  
   114.9908    459.9719   1181.9754   1264.0180     71.0058    766.0376     10.0004    952.0000  
   300.9557   2654.3687   1864.6756  
10
   313.9563    302.9578    334.9534    320.9689    284.0048    275.0267    287.0302    391.0432    310.0362    370.0440    351.0402    314.0240    267.9864    161.9833    165.9825    146.9847    143.9853     58.9940     16.9983      1.9998  
    2407.0198     2412.9802  
   114.9947    459.9838   1181.9858   1264.0104     71.0034    766.0217     10.0003    952.0000  
   300.9744   2654.2131   1864.8126  
11
   313.9748    302.9756    334.9731    320.9820    284.0028    275.0154    287.0174    391.0250    310.0209    370.0254    351.0232    314.0139    267.9921    161.9904    165.9899    146.9912    143.9915     58.9965     16.9990      1.9999  
    2407.0114     2412.9886  
   114.9969    459.9906   1181.9918   1264.0060     71.0019    766.0125     10.0001    952.0000  
   300.9852   2654.1231   1864.8917  
12
   313.9854    302.9859    334.9844    320.9896    284.0016    275.0089    287.0101    391.0144    310.0121    370.0147    351.0134    314.0080    267.9955    161.9944    165.9942    146.9949    143.9951     58.9980     16.9994      1.9999  
    2407.0066     2412.9934  
   114.9982    459.9946   1181.9953   1264.0035     71.0011    766.0072     10.0001    952.0000  
   300.9914   2654.0712   1864.9374  
13
   313.9916    302.9919    334.9910    320.9940    284.0009    275.0052    287.0058    391.0083    310.0070    370.0085    351.0078    314.0046    267.9974    161.9968    165.9966    146.9971    143.9972     58.9988     16.9997      2.0000  
    2407.0038     2412.9962  
   114.9990    459.9969   1181.9973   1264.0020     71.0007    766.0042     10.0000    952.0000  
   300.9951   2654.0411   1864.9638  
14
   313.9951    302.9953    334.9948    320.9965    284.0005    275.0030    287.0034    391.0048    310.0040    370.0049    351.0045    314.0027    267.9985    161.9981    165.9981    146.9983    143.9984     58.9993     16.9998      2.0000  
    2407.0022     2412.9978  
   114.9994    459.9982   1181.9984   1264.0012     71.0004    766.0024     10.0000    952.0000  
   300.9971   2654.0238   1864.9791  
15
   313.9972    302.9973    334.9970    320.9980    284.0003    275.0017    287.0019    391.0028    310.0023    370.0028    351.0026    314.0015    267.9991    161.9989    165.9989    146.9990    143.9991     58.9996     16.9999      2.0000  
    2407.0013     2412.9987  
   114.9997    459.9990   1181.9991   1264.0007     71.0002    766.0014     10.0000    952.0000  
   300.9983   2654.0137   1864.9879  
16
   313.9984    302.9984    334.9983    320.9988    284.0002    275.0010    287.0011    391.0016    310.0013    370.0016    351.0015    314.0009    267.9995    161.9994    165.9993    146.9994    143.9995     58.9998     16.9999      2.0000  
    2407.0007     2412.9993  
   114.9998    459.9994   1181.9995   1264.0004     71.0001    766.0008     10.0000    952.0000  
   300.9990   2654.0079   1864.9930  
17
   313.9991    302.9991    334.9990    320.9993    284.0001    275.0006    287.0007    391.0009    310.0008    370.0009    351.0009    314.0005    267.9997    161.9996    165.9996    146.9997    143.9997     58.9999     17.0000      2.0000  
    2407.0004     2412.9996  
   114.9999    459.9997   1181.9997   1264.0002     71.0001    766.0005     10.0000    952.0000  
   300.9994   2654.0046   1864.9960  
18
   313.9995    302.9995    334.9994    320.9996    284.0001    275.0003    287.0004    391.0005    310.0005    370.0005    351.0005    314.0003    267.9998    161.9998    165.9998    146.9998    143.9998     58.9999     17.0000      2.0000  
    2407.0002     2412.9998  
   114.9999    459.9998   1181.9998   1264.0001     71.0000    766.0003     10.0000    952.0000  
   300.9997   2654.0027   1864.9977  
19
   313.9997    302.9997    334.9997    320.9998    284.0000    275.0002    287.0002    391.0003    310.0003    370.0003    351.0003    314.0002    267.9999    161.9999    165.9999    146.9999    143.9999     59.0000     17.0000      2.0000  
    2407.0001     2412.9999  
   115.0000    459.9999   1181.9999   1264.0001     71.0000    766.0002     10.0000    952.0000  
   300.9998   2654.0015   1864.9986  
20
   313.9998    302.9998    334.9998    320.9999    284.0000    275.0001    287.0001    391.0002    310.0002    370.0002    351.0002    314.0001    267.9999    161.9999    165.9999    146.9999    143.9999     59.0000     17.0000      2.0000  
    2407.0001     2412.9999  
   115.0000    459.9999   1181.9999   1264.0000     71.0000    766.0001     10.0000    952.0000  
   300.9999   2654.0009   1864.9992  
21
   313.9999    302.9999    334.9999    320.9999    284.0000    275.0001    287.0001    391.0001    310.0001    370.0001    351.0001    314.0001    268.0000    162.0000    166.0000    147.0000    144.0000     59.0000     17.0000      2.0000  
    2407.0000     2413.0000  
   115.0000    460.0000   1182.0000   1264.0000     71.0000    766.0001     10.0000    952.0000  
   300.9999   2654.0005   1864.9995  
22
   313.9999    302.9999    334.9999    321.0000    284.0000    275.0000    287.0000    391.0001    310.0001    370.0001    351.0001    314.0000    268.0000    162.0000    166.0000    147.0000    144.0000     59.0000     17.0000      2.0000  
    2407.0000     2413.0000  
   115.0000    460.0000   1182.0000   1264.0000     71.0000    766.0000     10.0000    952.0000  
   301.0000   2654.0003   1864.9997  
23
   314.0000    303.0000    335.0000    321.0000    284.0000    275.0000    287.0000    391.0000    310.0000    370.0000    351.0000    314.0000    268.0000    162.0000    166.0000    147.0000    144.0000     59.0000     17.0000      2.0000  
    2407.0000     2413.0000  
   115.0000    460.0000   1182.0000   1264.0000     71.0000    766.0000     10.0000    952.0000  
   301.0000   2654.0002   1864.9998  
24
   314.0000    303.0000    335.0000    321.0000    284.0000    275.0000    287.0000    391.0000    310.0000    370.0000    351.0000    314.0000    268.0000    162.0000    166.0000    147.0000    144.0000     59.0000     17.0000      2.0000  
    2407.0000     2413.0000  
   115.0000    460.0000   1182.0000   1264.0000     71.0000    766.0000     10.0000    952.0000  
   301.0000   2654.0001   1864.9999  
25
   314.0000    303.0000    335.0000    321.0000    284.0000    275.0000    287.0000    391.0000    310.0000    370.0000    351.0000    314.0000    268.0000    162.0000    166.0000    147.0000    144.0000     59.0000     17.0000      2.0000  
    2407.0000     2413.0000  
   115.0000    460.0000   1182.0000   1264.0000     71.0000    766.0000     10.0000    952.0000  
   301.0000   2654.0001   1864.9999  
26
   314.0000    303.0000    335.0000    321.0000    284.0000    275.0000    287.0000    391.0000    310.0000    370.0000    351.0000    314.0000    268.0000    162.0000    166.0000    147.0000    144.0000     59.0000     17.0000      2.0000  
    2407.0000     2413.0000  
   115.0000    460.0000   1182.0000   1264.0000     71.0000    766.0000     10.0000    952.0000  
   301.0000   2654.0000   1865.0000  
27
   314.0000    303.0000    335.0000    321.0000    284.0000    275.0000    287.0000    391.0000    310.0000    370.0000    351.0000    314.0000    268.0000    162.0000    166.0000    147.0000    144.0000     59.0000     17.0000      2.0000  
    2407.0000     2413.0000  
   115.0000    460.0000   1182.0000   1264.0000     71.0000    766.0000     10.0000    952.0000  
   301.0000   2654.0000   1865.0000  
28
   314.0000    303.0000    335.0000    321.0000    284.0000    275.0000    287.0000    391.0000    310.0000    370.0000    351.0000    314.0000    268.0000    162.0000    166.0000    147.0000    144.0000     59.0000     17.0000      2.0000  
    2407.0000     2413.0000  
   115.0000    460.0000   1182.0000   1264.0000     71.0000    766.0000     10.0000    952.0000  
   301.0000   2654.0000   1865.0000  
29
   314.0000    303.0000    335.0000    321.0000    284.0000    275.0000    287.0000    391.0000    310.0000    370.0000    351.0000    314.0000    268.0000    162.0000    166.0000    147.0000    144.0000     59.0000     17.0000      2.0000  
    2407.0000     2413.0000  
   115.0000    460.0000   1182.0000   1264.0000     71.0000    766.0000     10.0000    952.0000  
   301.0000   2654.0000   1865.0000  
30
   314.0000    303.0000    335.0000    321.0000    284.0000    275.0000    287.0000    391.0000    310.0000    370.0000    351.0000    314.0000    268.0000    162.0000    166.0000    147.0000    144.0000     59.0000     17.0000      2.0000  
    2407.0000     2413.0000  
   115.0000    460.0000   1182.0000   1264.0000     71.0000    766.0000     10.0000    952.0000  
   301.0000   2654.0000   1865.0000  
31
   314.0000    303.0000    335.0000    321.0000    284.0000    275.0000    287.0000    391.0000    310.0000    370.0000    351.0000    314.0000    268.0000    162.0000    166.0000    147.0000    144.0000     59.0000     17.0000      2.0000  
    2407.0000     2413.0000  
   115.0000    460.0000   1182.0000   1264.0000     71.0000    766.0000     10.0000    952.0000  
   301.0000   2654.0000   1865.0000  
32
   314.0000    303.0000    335.0000    321.0000    284.0000    275.0000    287.0000    391.0000    310.0000    370.0000    351.0000    314.0000    268.0000    162.0000    166.0000    147.0000    144.0000     59.0000     17.0000      2.0000  
    2407.0000     2413.0000  
   115.0000    460.0000   1182.0000   1264.0000     71.0000    766.0000     10.0000    952.0000  
   301.0000   2654.0000   1865.0000  
33
   314.0000    303.0000    335.0000    321.0000    284.0000    275.0000    287.0000    391.0000    310.0000    370.0000    351.0000    314.0000    268.0000    162.0000    166.0000    147.0000    144.0000     59.0000     17.0000      2.0000  
    2407.0000     2413.0000  
   115.0000    460.0000   1182.0000   1264.0000     71.0000    766.0000     10.0000    952.0000  
   301.0000   2654.0000   1865.0000  
