                    0   10943456.000000009     
                    1   187.01316229571654     
                    2   89.833170158160783     
                    3   52.194658774111510     
                    4   30.305665951117636     
                    5   17.599071889483810     
                    6   10.236849525651955     
                    7   5.9636387897242589     
                    8   3.4782223651237443     
                    9   2.0302202320840084     
                   10   1.1856244406729177     
                   11  0.69260692939374002     
                   12  0.40467767458158505     
                   13  0.23647293127935853     
                   14  0.13819213031245894     
                   15   8.0761204783113480E-002
                   16   4.7198984753411319E-002
                   17   2.7584723914103590E-002
                   18   1.6121602881872168E-002
                   19   9.4221476183900619E-003
                   20   5.5067178404780556E-003
                   21   3.2183736767325975E-003
                   22   1.8809642164634517E-003
                   23   1.0993218190849855E-003
                   24   6.4249433923063270E-004
                   25   3.7550338021146595E-004
                   26   2.1946154940090336E-004
                   27   1.2826349282859563E-004
                   28   7.4963129243522399E-005
                   29   4.3811926355214587E-005
                   30   2.5605720439318930E-005
                   31   1.4965170748713701E-005
                   32   8.7463389221068650E-006
                   33   5.1117667602132910E-006
                   34   2.9875533514820167E-006
                   35   1.7460636663935072E-006
                   36   1.0204814618309209E-006
                   37   5.9641633675625461E-007
