                    0   10935554.000000004     
                    1   454.81509940013126     
                    2   163.74658752233262     
                    3   90.428117243648046     
                    4   51.291430313300708     
                    5   29.251252773234981     
                    6   16.740141158991847     
                    7   9.6014668929439484     
                    8   5.5145198720216344     
                    9   3.1698157587483915     
                   10   1.8229395557762496     
                   11   1.0486617802167184     
                   12  0.60335343636523686     
                   13  0.34717691903041981     
                   14  0.19978125466683733     
                   15  0.11496695740353080     
                   16   6.6160637971026087E-002
                   17   3.8074232387648878E-002
                   18   2.1911162289247773E-002
                   19   1.2609599223484877E-002
                   20   7.2566817880695923E-003
                   21   4.1761434666337596E-003
                   22   2.4033280139886828E-003
                   23   1.3830913485192746E-003
                   24   7.9595549167466853E-004
                   25   4.5806463392126530E-004
                   26   2.6361175363873667E-004
                   27   1.5170601610638677E-004
                   28   8.7305351337165936E-005
                   29   5.0243383893069406E-005
                   30   2.8914584245055440E-005
                   31   1.6640063252235538E-005
                   32   9.5761961374865329E-006
                   33   5.5110094794737739E-006
                   34   3.1715324608743833E-006
                   35   1.8251881686954727E-006
                   36   1.0503753886837320E-006
                   37   6.0448225591008820E-007
