                    0   10841501.000000007     
                    1   2390.2283106717059     
                    2   628.75916715027938     
                    3   173.42200763842447     
                    4   52.511346616564815     
                    5   18.609100874445843     
                    6   7.7401122715942892     
                    7   3.6095933489034806     
                    8   1.7957029137224849     
                    9  0.91930204714800245     
                   10  0.47681651532741515     
                   11  0.24876864651223807     
                   12  0.13012291552199001     
                   13   6.8148702249639453E-002
                   14   3.5711598816007578E-002
                   15   1.8718898857862768E-002
                   16   9.8131553664292884E-003
                   17   5.1447542330846537E-003
                   18   2.6973285358955230E-003
                   19   1.4141954507029039E-003
                   20   7.4146059194374510E-004
                   21   3.8874802218211331E-004
                   22   2.0382104766922607E-004
                   23   1.0686369881896494E-004
                   24   5.6028821244662186E-005
                   25   2.9376044618693517E-005
                   26   1.5401898657778357E-005
                   27   8.0752194554674361E-006
                   28   4.2338843477957022E-006
                   29   2.2198302066685216E-006
                   30   1.1638589294780954E-006
                   31   6.1021059667709654E-007
