                    0   10944550.000000002     
                    1   248.19889068864481     
                    2   116.83898307416446     
                    3   69.207763599995857     
                    4   41.802883838880653     
                    5   25.302885028501009     
                    6   15.326186399541360     
                    7   9.2945858434191120     
                    8   5.6451695230260404     
                    9   3.4327954603005217     
                   10   2.0892376189768900     
                   11   1.2722484758332313     
                   12  0.77501888616182446     
                   13  0.47222694667893783     
                   14  0.28777309198250123     
                   15  0.17538287244318135     
                   16  0.10689250326032181     
                   17   6.5151053962346994E-002
                   18   3.9710401782999033E-002
                   19   2.4204292420447929E-002
                   20   1.4753114733567397E-002
                   21   8.9924288856658933E-003
                   22   5.4811476523907460E-003
                   23   3.3409249600208930E-003
                   24   2.0363967042827964E-003
                   25   1.2412473134875259E-003
                   26   7.5657924332709410E-004
                   27   4.6115893138539039E-004
                   28   2.8109096615256432E-004
                   29   1.7133385685094964E-004
                   30   1.0443342365038682E-004
                   31   6.3655487307051834E-005
                   32   3.8800042082646037E-005
                   33   2.3649858556883618E-005
                   34   1.4415341117367795E-005
                   35   8.7866078293961838E-006
                   36   5.3557169953406683E-006
                   37   3.2644789505020897E-006
                   38   1.9898048362948159E-006
                   39   1.2128488769602621E-006
                   40   7.3926877886291639E-007
