                    0   10927560.999999998     
                    1   751.65248552235323     
                    2   272.14194633224332     
                    3   152.95675393304617     
                    4   89.008135596728238     
                    5   51.725084863572150     
                    6   29.907326444253236     
                    7   17.242695349402094     
                    8   9.9299274585981010     
                    9   5.7171716637266643     
                   10   3.2917143724226374     
                   11   1.8954169225843998     
                   12   1.0915100624819749     
                   13  0.62860953870851943     
                   14  0.36203834953809549     
                   15  0.20851686885287329     
                   16  0.12009801957604094     
                   17   6.9172799688554026E-002
                   18   3.9841690414853595E-002
                   19   2.2947842944553865E-002
                   20   1.3217428916387781E-002
                   21   7.6129448330941232E-003
                   22   4.3848901991402527E-003
                   23   2.5256022721679965E-003
                   24   1.4546928708934791E-003
                   25   8.3787209542299170E-004
                   26   4.8259651867110114E-004
                   27   2.7796535071446639E-004
                   28   1.6010214406325858E-004
                   29   9.2215439170289636E-005
                   30   5.3114142543594272E-005
                   31   3.0592618740731686E-005
                   32   1.7620696477738422E-005
                   33   1.0149149448114569E-005
                   34   5.8456960120316283E-006
                   35   3.3669961251423138E-006
                   36   1.9393213485331337E-006
                   37   1.1170021355180228E-006
                   38   6.4337730699927029E-007
