                    0   10946708.999999998     
                    1   116.48400320632973     
                    2   35.503472071500774     
                    3   18.798848050949630     
                    4   10.573452903404531     
                    5   5.9769780496357798     
                    6   3.3886103153177327     
                    7   1.9243680162352894     
                    8   1.0939355792910368     
                    9  0.62223061598409435     
                   10  0.35404600592441943     
                   11  0.20149018927769585     
                   12  0.11468260084266461     
                   13   6.5278404460129877E-002
                   14   3.7158466275833885E-002
                   15   2.1152189396742137E-002
                   16   1.2040878816951116E-002
                   17   6.8543152926388460E-003
                   18   3.9018601605716142E-003
                   19   2.2211623868444463E-003
                   20   1.2644145432269076E-003
                   21   7.1977867569479658E-004
                   22   4.0974027186607725E-004
                   23   2.3324826974031242E-004
                   24   1.3277865667518131E-004
                   25   7.5585439711317354E-005
                   26   4.3027689963943462E-005
                   27   2.4493899301414584E-005
                   28   1.3943374366818888E-005
                   29   7.9373900169052891E-006
                   30   4.5184306341318828E-006
                   31   2.5721586146781970E-006
                   32   1.4642237669430292E-006
                   33   8.3352248853274221E-007
