0
   275.1313    259.0365    262.3608    276.6263    290.8208    297.1263    306.9734    315.7949    337.4655    354.4446    334.5764    300.9589    279.0142    205.8511    192.1551    172.0475    130.4806     77.2038     22.5215      6.4104  
 5370234.0000  5581032.0000  
   103.8516    441.6461    946.6908   1120.2991    122.8133    979.9300     21.7692    960.0000  
   178.0953   2586.1716   1932.7331  
 1
   284.2981    292.6352    312.0932    317.5325    306.9084    301.0089    318.2594    373.3166    387.6788    367.5030    353.3058    322.5076    262.1282    145.0277    114.4437    100.1542     78.4958     44.2643     14.6366      0.8021  
    2371.6527     2325.3473  
    72.7873    312.1063   1055.9281   1245.2217     69.2096    960.4429     21.3041    960.0000  
   189.8883   2526.5301   1980.5817  
 2
   291.1295    299.6645    319.5798    295.9328    304.6058    298.1253    311.4243    364.0283    374.0859    354.1664    343.6989    318.3024    269.9638    154.6842    126.2586    112.6755     89.7795     50.9765     16.9759      0.9420  
    2326.0315     2370.9685  
    70.2446    301.5126   1067.2652   1251.5042     68.9443    956.3166     21.2125    960.0000  
   193.8335   2476.0055   2027.1610  
 3
   297.0715    305.7806    326.1024    298.3956    303.3820    293.4594    306.2683    357.8207    367.4391    348.0080    338.3595    315.3534    272.8655    157.9580    129.4628    115.8004     92.4431     52.5417     17.5146      0.9734  
    2325.8479     2371.1521  
    70.3479    301.7424   1069.5636   1251.8611     68.6361    953.7304     21.1185    960.0000  
   196.3357   2444.4707   2056.1936  
 4
   300.9073    309.7288    330.3126    300.9785    302.8743    290.8552    303.3338    354.2675    363.6495    344.4225    335.0735    313.3272    274.2343    159.6059    130.9201    117.1316     93.5165     53.1561     17.7202      0.9848  
    2324.4860     2372.5140  
    70.5856    302.5499   1070.8740   1251.6103     68.3927    951.9156     21.0719    960.0000  
   197.7836   2425.4170   2073.7993  
 5
   303.2734    312.1642    332.9096    302.5672    302.5642    289.3361    301.6205    352.1849    361.4173    342.2860    333.0837    312.0468    274.9665    160.5530    131.7417    117.8699     94.1032     53.4899     17.8309      0.9908  
    2323.5089     2373.4911  
    70.7474    303.1143   1071.7071   1251.3836     68.2381    950.7656     21.0440    960.0000  
   198.6486   2413.9177   2084.4337  
 6
   304.7194    313.6526    334.4968    303.5186    302.3598    288.4257    300.5967    350.9397    360.0805    341.0012    331.8800    311.2560    275.3825    161.1185    132.2318    118.3095     94.4518     53.6881     17.8966      0.9944  
    2322.9114     2374.0886  
    70.8467    303.4626   1072.2169   1251.2344     68.1443    950.0682     21.0269    960.0000  
   199.1728   2406.9481   2090.8791  
 7
   305.6025    314.5616    335.4661    304.0939    302.2266    287.8731    299.9769    350.1861    359.2716    340.2229    331.1494    310.7707    275.6267    161.4608    132.5293    118.5765     94.6636     53.8086     17.9365      0.9966  
    2322.5527     2374.4473  
    70.9067    303.6732   1072.5246   1251.1426     68.0878    949.6486     21.0165    960.0000  
   199.4927   2402.7048   2094.8025  
 8
   306.1426    315.1175    336.0590    304.4445    302.1415    287.5357    299.5989    349.7270    358.7790    339.7491    330.7041    310.4732    275.7728    161.6694    132.7111    118.7399     94.7934     53.8824     17.9610      0.9979  
    2322.3367     2374.6633  
    70.9430    303.8006   1072.7103   1251.0869     68.0536    949.3954     21.0101    960.0000  
   199.6885   2400.1124   2097.1991  
 9
   306.4736    315.4581    336.4222    304.6590    302.0878    287.3289    299.3677    349.4461    358.4780    339.4595    330.4320    310.2907    275.8612    161.7971    132.8226    118.8402     94.8730     53.9277     17.9760      0.9987  
    2322.2058     2374.7942  
    70.9651    303.8780   1072.8230   1251.0531     68.0328    949.2418     21.0062    960.0000  
   199.8086   2398.5249   2098.6665  
10
   306.6766    315.6671    336.6450    304.7905    302.0543    287.2021    299.2259    349.2740    358.2935    339.2822    330.2653    310.1786    275.9150    161.8754    132.8910    118.9018     94.9219     53.9555     17.9852      0.9992  
    2322.1261     2374.8739  
    70.9786    303.9253   1072.8916   1251.0325     68.0201    949.1481     21.0038    960.0000  
   199.8824   2397.5511   2099.5665  
11
   306.8012    315.7954    336.7818    304.8712    302.0335    287.1242    299.1388    349.1684    358.1803    339.1733    330.1630    310.1098    275.9478    161.9234    132.9330    118.9396     94.9520     53.9727     17.9909      0.9995  
    2322.0773     2374.9227  
    70.9869    303.9541   1072.9335   1251.0199     68.0123    949.0909     21.0023    960.0000  
   199.9277   2396.9533   2100.1190  
12
   306.8778    315.8742    336.8659    304.9208    302.0207    287.0764    299.0853    349.1035    358.1108    339.1065    330.1002    310.0675    275.9680    161.9529    132.9588    118.9629     94.9705     53.9832     17.9944      0.9997  
    2322.0475     2374.9525  
    70.9919    303.9718   1072.9592   1251.0122     68.0076    949.0558     21.0014    960.0000  
   199.9555   2396.5860   2100.4585  
13
   306.9249    315.9227    336.9175    304.9513    302.0127    287.0470    299.0525    349.0636    358.0681    339.0655    330.0616    310.0415    275.9803    161.9711    132.9747    118.9772     94.9818     53.9897     17.9966      0.9998  
    2322.0292     2374.9708  
    70.9951    303.9827   1072.9749   1251.0075     68.0047    949.0343     21.0009    960.0000  
   199.9727   2396.3603   2100.6671  
14
   306.9538    315.9525    336.9493    304.9701    302.0078    287.0289    299.0323    349.0391    358.0419    339.0403    330.0379    310.0255    275.9879    161.9822    132.9844    118.9860     94.9888     53.9936     17.9979      0.9999  
    2322.0179     2374.9821  
    70.9970    303.9894   1072.9846   1251.0046     68.0029    949.0211     21.0005    960.0000  
   199.9832   2396.2215   2100.7953  
15
   306.9716    315.9708    336.9688    304.9816    302.0048    287.0178    299.0198    349.0241    358.0258    339.0248    330.0233    310.0157    275.9926    161.9891    132.9904    118.9914     94.9931     53.9961     17.9987      0.9999  
    2322.0110     2374.9890  
    70.9981    303.9935   1072.9905   1251.0028     68.0018    949.0130     21.0003    960.0000  
   199.9897   2396.1362   2100.8741  
16
   306.9825    315.9820    336.9808    304.9887    302.0030    287.0109    299.0122    349.0148    358.0158    339.0152    330.0143    310.0096    275.9954    161.9933    132.9941    118.9947     94.9958     53.9976     17.9992      1.0000  
    2322.0068     2374.9932  
    70.9989    303.9960   1072.9942   1251.0017     68.0011    949.0080     21.0002    960.0000  
   199.9936   2396.0838   2100.9226  
17
   306.9893    315.9889    336.9882    304.9930    302.0018    287.0067    299.0075    349.0091    358.0097    339.0094    330.0088    310.0059    275.9972    161.9959    132.9964    118.9967     94.9974     53.9985     17.9995      1.0000  
    2322.0042     2374.9958  
    70.9993    303.9975   1072.9964   1251.0011     68.0007    949.0049     21.0001    960.0000  
   199.9961   2396.0515   2100.9524  
18
   306.9934    315.9932    336.9928    304.9957    302.0011    287.0041    299.0046    349.0056    358.0060    339.0058    330.0054    310.0036    275.9983    161.9975    132.9978    118.9980     94.9984     53.9991     17.9997      1.0000  
    2322.0026     2374.9974  
    70.9996    303.9985   1072.9978   1251.0007     68.0004    949.0030     21.0001    960.0000  
   199.9976   2396.0317   2100.9707  
19
   306.9959    315.9958    336.9955    304.9974    302.0007    287.0025    299.0028    349.0034    358.0037    339.0035    330.0033    310.0022    275.9989    161.9984    132.9986    118.9988     94.9990     53.9994     17.9998      1.0000  
    2322.0016     2374.9984  
    70.9997    303.9991   1072.9986   1251.0004     68.0003    949.0019     21.0000    960.0000  
   199.9985   2396.0195   2100.9820  
20
   306.9975    315.9974    336.9973    304.9984    302.0004    287.0016    299.0017    349.0021    358.0023    339.0022    330.0020    310.0014    275.9993    161.9990    132.9992    118.9992     94.9994     53.9997     17.9999      1.0000  
    2322.0010     2374.9990  
    70.9998    303.9994   1072.9992   1251.0002     68.0002    949.0011     21.0000    960.0000  
   199.9991   2396.0120   2100.9889  
21
   306.9985    315.9984    336.9983    304.9990    302.0003    287.0010    299.0011    349.0013    358.0014    339.0013    330.0013    310.0008    275.9996    161.9994    132.9995    118.9995     94.9996     53.9998     17.9999      1.0000  
    2322.0006     2374.9994  
    70.9999    303.9996   1072.9995   1251.0002     68.0001    949.0007     21.0000    960.0000  
   199.9994   2396.0074   2100.9932  
22
   306.9991    315.9990    336.9990    304.9994    302.0002    287.0006    299.0007    349.0008    358.0009    339.0008    330.0008    310.0005    275.9998    161.9996    132.9997    118.9997     94.9998     53.9999     18.0000      1.0000  
    2322.0004     2374.9996  
    70.9999    303.9998   1072.9997   1251.0001     68.0001    949.0004     21.0000    960.0000  
   199.9997   2396.0045   2100.9958  
23
   306.9994    315.9994    336.9994    304.9996    302.0001    287.0004    299.0004    349.0005    358.0005    339.0005    330.0005    310.0003    275.9998    161.9998    132.9998    118.9998     94.9999     53.9999     18.0000      1.0000  
    2322.0002     2374.9998  
    71.0000    303.9999   1072.9998   1251.0001     68.0000    949.0003     21.0000    960.0000  
   199.9998   2396.0028   2100.9974  
24
   306.9996    315.9996    336.9996    304.9998    302.0001    287.0002    299.0002    349.0003    358.0003    339.0003    330.0003    310.0002    275.9999    161.9999    132.9999    118.9999     94.9999     54.0000     18.0000      1.0000  
    2322.0001     2374.9999  
    71.0000    303.9999   1072.9999   1251.0000     68.0000    949.0002     21.0000    960.0000  
   199.9999   2396.0017   2100.9984  
25
   306.9998    315.9998    336.9998    304.9999    302.0000    287.0001    299.0002    349.0002    358.0002    339.0002    330.0002    310.0001    275.9999    161.9999    132.9999    118.9999     94.9999     54.0000     18.0000      1.0000  
    2322.0001     2374.9999  
    71.0000    303.9999   1072.9999   1251.0000     68.0000    949.0001     21.0000    960.0000  
   199.9999   2396.0011   2100.9990  
26
   306.9999    315.9999    336.9999    304.9999    302.0000    287.0001    299.0001    349.0001    358.0001    339.0001    330.0001    310.0001    276.0000    161.9999    133.0000    119.0000     95.0000     54.0000     18.0000      1.0000  
    2322.0001     2374.9999  
    71.0000    304.0000   1073.0000   1251.0000     68.0000    949.0001     21.0000    960.0000  
   200.0000   2396.0006   2100.9994  
27
   306.9999    315.9999    336.9999    304.9999    302.0000    287.0001    299.0001    349.0001    358.0001    339.0001    330.0001    310.0000    276.0000    162.0000    133.0000    119.0000     95.0000     54.0000     18.0000      1.0000  
    2322.0000     2375.0000  
    71.0000    304.0000   1073.0000   1251.0000     68.0000    949.0000     21.0000    960.0000  
   200.0000   2396.0004   2100.9996  
28
   306.9999    315.9999    336.9999    305.0000    302.0000    287.0000    299.0000    349.0000    358.0000    339.0000    330.0000    310.0000    276.0000    162.0000    133.0000    119.0000     95.0000     54.0000     18.0000      1.0000  
    2322.0000     2375.0000  
    71.0000    304.0000   1073.0000   1251.0000     68.0000    949.0000     21.0000    960.0000  
   200.0000   2396.0002   2100.9998  
29
   307.0000    316.0000    337.0000    305.0000    302.0000    287.0000    299.0000    349.0000    358.0000    339.0000    330.0000    310.0000    276.0000    162.0000    133.0000    119.0000     95.0000     54.0000     18.0000      1.0000  
    2322.0000     2375.0000  
    71.0000    304.0000   1073.0000   1251.0000     68.0000    949.0000     21.0000    960.0000  
   200.0000   2396.0002   2100.9999  
30
   307.0000    316.0000    337.0000    305.0000    302.0000    287.0000    299.0000    349.0000    358.0000    339.0000    330.0000    310.0000    276.0000    162.0000    133.0000    119.0000     95.0000     54.0000     18.0000      1.0000  
    2322.0000     2375.0000  
    71.0000    304.0000   1073.0000   1251.0000     68.0000    949.0000     21.0000    960.0000  
   200.0000   2396.0001   2100.9999  
31
   307.0000    316.0000    337.0000    305.0000    302.0000    287.0000    299.0000    349.0000    358.0000    339.0000    330.0000    310.0000    276.0000    162.0000    133.0000    119.0000     95.0000     54.0000     18.0000      1.0000  
    2322.0000     2375.0000  
    71.0000    304.0000   1073.0000   1251.0000     68.0000    949.0000     21.0000    960.0000  
   200.0000   2396.0001   2100.9999  
32
   307.0000    316.0000    337.0000    305.0000    302.0000    287.0000    299.0000    349.0000    358.0000    339.0000    330.0000    310.0000    276.0000    162.0000    133.0000    119.0000     95.0000     54.0000     18.0000      1.0000  
    2322.0000     2375.0000  
    71.0000    304.0000   1073.0000   1251.0000     68.0000    949.0000     21.0000    960.0000  
   200.0000   2396.0000   2101.0000  
33
   307.0000    316.0000    337.0000    305.0000    302.0000    287.0000    299.0000    349.0000    358.0000    339.0000    330.0000    310.0000    276.0000    162.0000    133.0000    119.0000     95.0000     54.0000     18.0000      1.0000  
    2322.0000     2375.0000  
    71.0000    304.0000   1073.0000   1251.0000     68.0000    949.0000     21.0000    960.0000  
   200.0000   2396.0000   2101.0000  
34
   307.0000    316.0000    337.0000    305.0000    302.0000    287.0000    299.0000    349.0000    358.0000    339.0000    330.0000    310.0000    276.0000    162.0000    133.0000    119.0000     95.0000     54.0000     18.0000      1.0000  
    2322.0000     2375.0000  
    71.0000    304.0000   1073.0000   1251.0000     68.0000    949.0000     21.0000    960.0000  
   200.0000   2396.0000   2101.0000  
35
   307.0000    316.0000    337.0000    305.0000    302.0000    287.0000    299.0000    349.0000    358.0000    339.0000    330.0000    310.0000    276.0000    162.0000    133.0000    119.0000     95.0000     54.0000     18.0000      1.0000  
    2322.0000     2375.0000  
    71.0000    304.0000   1073.0000   1251.0000     68.0000    949.0000     21.0000    960.0000  
   200.0000   2396.0000   2101.0000  
36
   307.0000    316.0000    337.0000    305.0000    302.0000    287.0000    299.0000    349.0000    358.0000    339.0000    330.0000    310.0000    276.0000    162.0000    133.0000    119.0000     95.0000     54.0000     18.0000      1.0000  
    2322.0000     2375.0000  
    71.0000    304.0000   1073.0000   1251.0000     68.0000    949.0000     21.0000    960.0000  
   200.0000   2396.0000   2101.0000  
37
   307.0000    316.0000    337.0000    305.0000    302.0000    287.0000    299.0000    349.0000    358.0000    339.0000    330.0000    310.0000    276.0000    162.0000    133.0000    119.0000     95.0000     54.0000     18.0000      1.0000  
    2322.0000     2375.0000  
    71.0000    304.0000   1073.0000   1251.0000     68.0000    949.0000     21.0000    960.0000  
   200.0000   2396.0000   2101.0000  
38
   307.0000    316.0000    337.0000    305.0000    302.0000    287.0000    299.0000    349.0000    358.0000    339.0000    330.0000    310.0000    276.0000    162.0000    133.0000    119.0000     95.0000     54.0000     18.0000      1.0000  
    2322.0000     2375.0000  
    71.0000    304.0000   1073.0000   1251.0000     68.0000    949.0000     21.0000    960.0000  
   200.0000   2396.0000   2101.0000  
39
   307.0000    316.0000    337.0000    305.0000    302.0000    287.0000    299.0000    349.0000    358.0000    339.0000    330.0000    310.0000    276.0000    162.0000    133.0000    119.0000     95.0000     54.0000     18.0000      1.0000  
    2322.0000     2375.0000  
    71.0000    304.0000   1073.0000   1251.0000     68.0000    949.0000     21.0000    960.0000  
   200.0000   2396.0000   2101.0000  
40
   307.0000    316.0000    337.0000    305.0000    302.0000    287.0000    299.0000    349.0000    358.0000    339.0000    330.0000    310.0000    276.0000    162.0000    133.0000    119.0000     95.0000     54.0000     18.0000      1.0000  
    2322.0000     2375.0000  
    71.0000    304.0000   1073.0000   1251.0000     68.0000    949.0000     21.0000    960.0000  
   200.0000   2396.0000   2101.0000  
