                    0   10944233.999999993     
                    1   215.64223376003392     
                    2   72.508564433269356     
                    3   39.476564241650976     
                    4   22.316062114826835     
                    5   12.694292257892542     
                    6   7.2481141489650671     
                    7   4.1477082217218859     
                    8   2.3766333745196353     
                    9   1.3628559660272370     
                   10  0.78186498664134241     
                   11  0.44866888096140944     
                   12  0.25750463462448031     
                   13  0.14780243396554760     
                   14   8.4839808793686952E-002
                   15   4.8700136812987835E-002
                   16   2.7955535432604824E-002
                   17   1.6047579951838142E-002
                   18   9.2119938021617519E-003
                   19   5.2880929402393867E-003
                   20   3.0356052732613222E-003
                   21   1.7425769473610700E-003
                   22   1.0003198485472099E-003
                   23   5.7423010108018948E-004
                   24   3.2963484101273096E-004
                   25   1.8922578278498273E-004
                   26   1.0862443762209284E-004
                   27   6.2355503954553159E-005
                   28   3.5794972461771391E-005
                   29   2.0547987557736533E-005
                   30   1.1795505872881119E-005
                   31   6.7711709538029598E-006
                   32   3.8869707278503529E-006
                   33   2.2313009484241668E-006
                   34   1.2808713525520573E-006
                   35   7.3528110438176838E-007
