                    0   10944284.000000000     
                    1   199.79432749115813     
                    2   100.59602903295615     
                    3   58.841412863543475     
                    4   34.547983440951491     
                    5   20.359949981982098     
                    6   12.041500023424200     
                    7   7.1405026758064523     
                    8   4.2418497338893104     
                    9   2.5227937573428219     
                   10   1.5014858478888955     
                   11  0.89403194806749309     
                   12  0.53247824991104453     
                   13  0.31719142675182155     
                   14  0.18896595112453460     
                   15  0.11258257871971830     
                   16   6.7077072001368879E-002
                   17   3.9965580693498738E-002
                   18   2.3812423996625011E-002
                   19   1.4188103147487254E-002
                   20   8.4537033949904760E-003
                   21   5.0369870153746119E-003
                   22   3.0012028175943352E-003
                   23   1.7882172101786060E-003
                   24   1.0654803386919891E-003
                   25   6.3484946123818842E-004
                   26   3.7826499883029106E-004
                   27   2.2538323709329466E-004
                   28   1.3429105853534896E-004
                   29   8.0015219640535372E-005
                   30   4.7675813261580644E-005
                   31   2.8406886898489951E-005
                   32   1.6925799235249913E-005
                   33   1.0084970623291478E-005
                   34   6.0089726630728067E-006
                   35   3.5803532988972343E-006
                   36   2.1332956803393993E-006
                   37   1.2710912066533496E-006
                   38   7.5735941077126551E-007
