                    0   10923787.999999998     
                    1   1205.0096339551399     
                    2   248.80027967702247     
                    3   130.00212704137675     
                    4   72.590253719400721     
                    5   39.726456373968723     
                    6   21.397863028705032     
                    7   11.401408596188475     
                    8   6.0399507824773249     
                    9   3.1891471110813678     
                   10   1.6809855051641021     
                   11  0.88526214709819706     
                   12  0.46599972839863374     
                   13  0.24524514045393170     
                   14  0.12905195051487486     
                   15   6.7905172737145247E-002
                   16   3.5729578225276795E-002
                   17   1.8799492426986416E-002
                   18   9.8914706896722892E-003
                   19   5.2044377729803179E-003
                   20   2.7383304031165837E-003
                   21   1.4407791042964427E-003
                   22   7.5806895362393956E-004
                   23   3.9885945308109922E-004
                   24   2.0986064640913181E-004
                   25   1.1041856670965049E-004
                   26   5.8096925980241805E-005
                   27   3.0567800259482169E-005
                   28   1.6083304187711547E-005
                   29   8.4622580699697872E-006
                   30   4.4524348995667214E-006
                   31   2.3426549666549258E-006
                   32   1.2325911707409317E-006
                   33   6.4853220223368320E-007
