0
   893.9952    841.7005    852.5126    898.8694    945.1079    965.6432    997.5948   1026.2131   1096.6046   1151.8173   1087.3179    978.1231    906.8684    669.2032    624.8792    559.7506    424.8204    251.5815     73.4612     20.9360  
 5370234.0000  5581032.0000  
   370.4499   1560.8772   3129.4033   3619.9767    387.4422   3164.8717     71.9789   2962.0000  
   554.3360   8522.0187   6190.6453  
 1
   940.7317    953.0149    903.9173    951.1873    905.5653    893.8303   1056.1671   1124.0120   1209.5018   1291.3963   1143.4479    959.1123    882.3861    489.9568    502.4810    448.2444    327.5291    202.6672     63.4646     18.3866  
    7578.9201     7688.0799  
   384.2209   1242.8415   3229.3245   3734.0273    205.6804   3407.0455    101.8599   2962.0000  
   480.2085   8407.6972   6379.0944  
 2
   953.8180    966.2681    916.4728    944.9925    927.9674    888.9734   1029.0096   1091.4206   1168.6758   1248.3824   1117.9022    950.1456    891.4559    504.5393    527.7884    477.2262    353.1340    219.6565     69.0385     20.1327  
    7502.4416     7764.5584  
   377.1800   1229.6647   3245.3708   3748.2953    204.5082   3398.1597    101.8213   2962.0000  
   487.8074   8269.3425   6509.8501  
 3
   969.7852    982.4436    931.8143    953.9015    925.1022    877.1784   1014.2574   1075.3457   1150.9486   1229.9184   1103.0296    942.4672    898.6986    512.5704    537.4630    486.5344    360.2852    224.1921     70.4938     20.5701  
    7500.5440     7766.4560  
   378.0596   1231.9264   3250.8856   3748.8190    203.6766   3390.1551    101.4776   2962.0000  
   493.1987   8182.9414   6590.8599  
 4
   980.0394    992.8314    941.6660    960.7206    923.8968    870.5659   1005.9705   1066.2323   1140.8214   1219.0914   1093.8777    937.2842    902.3084    516.8543    542.2534    490.9228    363.5452    226.2289     71.1346     20.7548  
    7496.6666     7770.3334  
   379.1423   1234.8580   3254.3640   3747.9615    203.0342   3384.3502    101.2897   2962.0000  
   496.3281   8130.8067   6639.8653  
 5
   986.3328    999.2068    947.7123    964.8409    923.1968    866.7326   1001.1621   1060.9200   1134.8797   1212.6621   1088.3592    934.0426    904.2662    519.3234    544.9655    493.3701    365.3420    227.3470     71.4840     20.8540  
    7494.0270     7772.9730  
   379.8710   1236.8684   3256.5853   3747.2288    202.6247   3380.6461    101.1757   2962.0000  
   498.1840   8099.5141   6669.3020  
 6
   990.1491   1003.0728    951.3788    967.2906    922.7511    864.4578    998.3145   1057.7700   1131.3479   1208.8226   1085.0436    932.0596    905.3793    520.7854    546.5671    494.8103    366.3964    228.0026     71.6886     20.9119  
    7492.4169     7774.5831  
   380.3194   1238.1116   3257.9451   3746.7474    202.3759   3378.3942    101.1064   2962.0000  
   499.2970   8080.7073   6686.9957  
 7
   992.4568   1005.4106    953.5959    968.7578    922.4669    863.0923    996.6085   1055.8829   1129.2312   1206.5181   1083.0488    930.8553    906.0297    521.6614    547.5277    495.6740    367.0286    228.3957     71.8113     20.9466  
    7491.4529     7775.5471  
   380.5897   1238.8620   3258.7634   3746.4512    202.2265   3377.0427    101.0645   2962.0000  
   499.9683   8069.3739   6697.6578  
 8
   993.8526   1006.8246    954.9369    969.6419    922.2879    862.2681    995.5800   1054.7458   1127.9562   1205.1296   1081.8458    930.1252    906.4157    522.1893    548.1075    496.1958    367.4106    228.6333     71.8855     20.9676  
    7490.8759     7776.1241  
   380.7523   1239.3131   3259.2543   3746.2723    202.1367   3376.2323    101.0391   2962.0000  
   500.3744   8062.5275   6704.0982  
 9
   994.6977   1007.6808    955.7489    970.1765    922.1765    861.7692    994.9581   1054.0584   1127.1857   1204.2906   1081.1187    929.6827    906.6470    522.5085    548.4585    496.5119    367.6422    228.7774     71.9305     20.9803  
    7490.5293     7776.4707  
   380.8502   1239.5846   3259.5494   3746.1646    202.0827   3375.7449    101.0237   2962.0000  
   500.6204   8058.3840   6707.9956  
10
   995.2099   1008.1996    956.2409    970.5003    922.1079    861.4668    994.5813   1053.6421   1126.7192   1203.7827   1080.6785    929.4143    906.7863    522.7018    548.6714    496.7037    367.7828    228.8648     71.9578     20.9880  
    7490.3204     7776.6796  
   380.9093   1239.7484   3259.7272   3746.0996    202.0501   3375.4510    101.0144   2962.0000  
   500.7696   8055.8734   6710.3570  
11
   995.5205   1008.5142    956.5393    970.6967    922.0657    861.2834    994.3528   1053.3897   1126.4364   1203.4750   1080.4117    929.2515    906.8705    522.8190    548.8005    496.8201    367.8681    228.9179     71.9744     20.9927  
    7490.1942     7776.8058  
   380.9450   1239.8475   3259.8347   3746.0603    202.0304   3375.2734    101.0087   2962.0000  
   500.8601   8054.3509   6711.7890  
12
   995.7089   1008.7051    956.7203    970.8159    922.0400    861.1720    994.2142   1053.2365   1126.2649   1203.2883   1080.2499    929.1527    906.9214    522.8901    548.8789    496.8908    367.9199    228.9502     71.9844     20.9956  
    7490.1178     7776.8822  
   380.9666   1239.9075   3259.8997   3746.0366    202.0184   3375.1658    101.0053   2962.0000  
   500.9151   8053.4271   6712.6578  
13
   995.8233   1008.8210    956.8302    970.8882    922.0243    861.1044    994.1300   1053.1436   1126.1608   1203.1750   1080.1517    929.0927    906.9523    522.9333    548.9265    496.9337    367.9514    228.9697     71.9905     20.9973  
    7490.0715     7776.9285  
   380.9797   1239.9439   3259.9392   3746.0222    202.0112   3375.1006    101.0032   2962.0000  
   500.9484   8052.8664   6713.1851  
14
   995.8927   1008.8913    956.8969    970.9321    922.0148    861.0634    994.0790   1053.0872   1126.0976   1203.1063   1080.0921    929.0563    906.9711    522.9595    548.9553    496.9597    367.9705    228.9816     71.9943     20.9984  
    7490.0434     7776.9566  
   380.9877   1239.9659   3259.9631   3746.0135    202.0068   3375.0611    101.0020   2962.0000  
   500.9687   8052.5261   6713.5052  
15
   995.9348   1008.9340    956.9374    970.9588    922.0090    861.0385    994.0479   1053.0529   1126.0593   1203.0645   1080.0559    929.0342    906.9824    522.9754    548.9729    496.9755    367.9821    228.9888     71.9965     20.9990  
    7490.0263     7776.9737  
   380.9925   1239.9793   3259.9776   3746.0082    202.0041   3375.0371    101.0012   2962.0000  
   500.9810   8052.3194   6713.6996  
16
   995.9604   1008.9599    956.9620    970.9750    922.0055    861.0234    994.0291   1053.0321   1126.0360   1203.0392   1080.0340    929.0208    906.9893    522.9851    548.9835    496.9851    367.9891    228.9932     71.9979     20.9994  
    7490.0160     7776.9840  
   380.9955   1239.9874   3259.9864   3746.0050    202.0025   3375.0225    101.0007   2962.0000  
   500.9885   8052.1940   6713.8176  
17
   995.9760   1008.9757    956.9769    970.9848    922.0033    861.0142    994.0177   1053.0195   1126.0219   1203.0238   1080.0206    929.0126    906.9935    522.9909    548.9900    496.9910    367.9934    228.9959     71.9987     20.9996  
    7490.0097     7776.9903  
   380.9972   1239.9924   3259.9917   3746.0030    202.0015   3375.0137    101.0004   2962.0000  
   500.9930   8052.1178   6713.8892  
18
   995.9854   1008.9852    956.9860    970.9908    922.0020    861.0086    994.0107   1053.0119   1126.0133   1203.0144   1080.0125    929.0077    906.9961    522.9945    548.9939    496.9945    367.9960    228.9975     71.9992     20.9998  
    7490.0059     7776.9941  
   380.9983   1239.9954   3259.9950   3746.0018    202.0009   3375.0083    101.0003   2962.0000  
   500.9957   8052.0715   6713.9327  
19
   995.9911   1008.9910    956.9915    970.9944    922.0012    861.0052    994.0065   1053.0072   1126.0081   1203.0088   1080.0076    929.0046    906.9976    522.9967    548.9963    496.9967    367.9976    228.9985     71.9995     20.9999  
    7490.0036     7776.9964  
   380.9990   1239.9972   3259.9970   3746.0011    202.0006   3375.0050    101.0002   2962.0000  
   500.9974   8052.0434   6713.9592  
20
   995.9946   1008.9946    956.9948    970.9966    922.0007    861.0032    994.0040   1053.0044   1126.0049   1203.0053   1080.0046    929.0028    906.9985    522.9980    548.9978    496.9980    367.9985    228.9991     71.9997     20.9999  
    7490.0022     7776.9978  
   380.9994   1239.9983   3259.9982   3746.0007    202.0003   3375.0031    101.0001   2962.0000  
   500.9984   8052.0264   6713.9752  
21
   995.9967   1008.9967    956.9969    970.9979    922.0005    861.0019    994.0024   1053.0027   1126.0030   1203.0032   1080.0028    929.0017    906.9991    522.9988    548.9986    496.9988    367.9991    228.9994     71.9998     21.0000  
    7490.0013     7776.9987  
   380.9996   1239.9990   3259.9989   3746.0004    202.0002   3375.0019    101.0001   2962.0000  
   500.9990   8052.0160   6713.9849  
22
   995.9980   1008.9980    956.9981    970.9987    922.0003    861.0012    994.0015   1053.0016   1126.0018   1203.0020   1080.0017    929.0010    906.9995    522.9993    548.9992    496.9993    367.9995    228.9997     71.9999     21.0000  
    7490.0008     7776.9992  
   380.9998   1239.9994   3259.9993   3746.0002    202.0001   3375.0011    101.0000   2962.0000  
   500.9994   8052.0097   6713.9909  
23
   995.9988   1008.9988    956.9988    970.9992    922.0002    861.0007    994.0009   1053.0010   1126.0011   1203.0012   1080.0010    929.0006    906.9997    522.9995    548.9995    496.9995    367.9997    228.9998     71.9999     21.0000  
    7490.0005     7776.9995  
   380.9999   1239.9996   3259.9996   3746.0002    202.0001   3375.0007    101.0000   2962.0000  
   500.9996   8052.0059   6713.9944  
24
   995.9993   1008.9993    956.9993    970.9995    922.0001    861.0004    994.0005   1053.0006   1126.0007   1203.0007   1080.0006    929.0004    906.9998    522.9997    548.9997    496.9997    367.9998    228.9999     72.0000     21.0000  
    7490.0003     7776.9997  
   380.9999   1239.9998   3259.9997   3746.0001    202.0000   3375.0004    101.0000   2962.0000  
   500.9998   8052.0036   6713.9966  
25
   995.9996   1008.9996    956.9996    970.9997    922.0001    861.0003    994.0003   1053.0004   1126.0004   1203.0004   1080.0004    929.0002    906.9999    522.9998    548.9998    496.9998    367.9999    228.9999     72.0000     21.0000  
    7490.0002     7776.9998  
   380.9999   1239.9999   3259.9998   3746.0001    202.0000   3375.0003    101.0000   2962.0000  
   500.9999   8052.0022   6713.9980  
26
   995.9997   1008.9997    956.9997    970.9998    922.0000    861.0002    994.0002   1053.0002   1126.0002   1203.0003   1080.0002    929.0001    906.9999    522.9999    548.9999    496.9999    367.9999    229.0000     72.0000     21.0000  
    7490.0001     7776.9999  
   381.0000   1239.9999   3259.9999   3746.0000    202.0000   3375.0002    101.0000   2962.0000  
   500.9999   8052.0013   6713.9988  
27
   995.9998   1008.9998    956.9998    970.9999    922.0000    861.0001    994.0001   1053.0001   1126.0001   1203.0002   1080.0001    929.0001    907.0000    522.9999    548.9999    496.9999    368.0000    229.0000     72.0000     21.0000  
    7490.0001     7776.9999  
   381.0000   1239.9999   3259.9999   3746.0000    202.0000   3375.0001    101.0000   2962.0000  
   501.0000   8052.0008   6713.9992  
28
   995.9999   1008.9999    956.9999    970.9999    922.0000    861.0001    994.0001   1053.0001   1126.0001   1203.0001   1080.0001    929.0001    907.0000    523.0000    549.0000    497.0000    368.0000    229.0000     72.0000     21.0000  
    7490.0000     7777.0000  
   381.0000   1240.0000   3260.0000   3746.0000    202.0000   3375.0001    101.0000   2962.0000  
   501.0000   8052.0005   6713.9995  
29
   995.9999   1008.9999    956.9999    971.0000    922.0000    861.0000    994.0000   1053.0000   1126.0001   1203.0001   1080.0001    929.0000    907.0000    523.0000    549.0000    497.0000    368.0000    229.0000     72.0000     21.0000  
    7490.0000     7777.0000  
   381.0000   1240.0000   3260.0000   3746.0000    202.0000   3375.0000    101.0000   2962.0000  
   501.0000   8052.0003   6713.9997  
30
   996.0000   1009.0000    957.0000    971.0000    922.0000    861.0000    994.0000   1053.0000   1126.0000   1203.0000   1080.0000    929.0000    907.0000    523.0000    549.0000    497.0000    368.0000    229.0000     72.0000     21.0000  
    7490.0000     7777.0000  
   381.0000   1240.0000   3260.0000   3746.0000    202.0000   3375.0000    101.0000   2962.0000  
   501.0000   8052.0002   6713.9998  
31
   996.0000   1009.0000    957.0000    971.0000    922.0000    861.0000    994.0000   1053.0000   1126.0000   1203.0000   1080.0000    929.0000    907.0000    523.0000    549.0000    497.0000    368.0000    229.0000     72.0000     21.0000  
    7490.0000     7777.0000  
   381.0000   1240.0000   3260.0000   3746.0000    202.0000   3375.0000    101.0000   2962.0000  
   501.0000   8052.0001   6713.9999  
32
   996.0000   1009.0000    957.0000    971.0000    922.0000    861.0000    994.0000   1053.0000   1126.0000   1203.0000   1080.0000    929.0000    907.0000    523.0000    549.0000    497.0000    368.0000    229.0000     72.0000     21.0000  
    7490.0000     7777.0000  
   381.0000   1240.0000   3260.0000   3746.0000    202.0000   3375.0000    101.0000   2962.0000  
   501.0000   8052.0001   6713.9999  
33
   996.0000   1009.0000    957.0000    971.0000    922.0000    861.0000    994.0000   1053.0000   1126.0000   1203.0000   1080.0000    929.0000    907.0000    523.0000    549.0000    497.0000    368.0000    229.0000     72.0000     21.0000  
    7490.0000     7777.0000  
   381.0000   1240.0000   3260.0000   3746.0000    202.0000   3375.0000    101.0000   2962.0000  
   501.0000   8052.0000   6714.0000  
34
   996.0000   1009.0000    957.0000    971.0000    922.0000    861.0000    994.0000   1053.0000   1126.0000   1203.0000   1080.0000    929.0000    907.0000    523.0000    549.0000    497.0000    368.0000    229.0000     72.0000     21.0000  
    7490.0000     7777.0000  
   381.0000   1240.0000   3260.0000   3746.0000    202.0000   3375.0000    101.0000   2962.0000  
   501.0000   8052.0000   6714.0000  
35
   996.0000   1009.0000    957.0000    971.0000    922.0000    861.0000    994.0000   1053.0000   1126.0000   1203.0000   1080.0000    929.0000    907.0000    523.0000    549.0000    497.0000    368.0000    229.0000     72.0000     21.0000  
    7490.0000     7777.0000  
   381.0000   1240.0000   3260.0000   3746.0000    202.0000   3375.0000    101.0000   2962.0000  
   501.0000   8052.0000   6714.0000  
36
   996.0000   1009.0000    957.0000    971.0000    922.0000    861.0000    994.0000   1053.0000   1126.0000   1203.0000   1080.0000    929.0000    907.0000    523.0000    549.0000    497.0000    368.0000    229.0000     72.0000     21.0000  
    7490.0000     7777.0000  
   381.0000   1240.0000   3260.0000   3746.0000    202.0000   3375.0000    101.0000   2962.0000  
   501.0000   8052.0000   6714.0000  
37
   996.0000   1009.0000    957.0000    971.0000    922.0000    861.0000    994.0000   1053.0000   1126.0000   1203.0000   1080.0000    929.0000    907.0000    523.0000    549.0000    497.0000    368.0000    229.0000     72.0000     21.0000  
    7490.0000     7777.0000  
   381.0000   1240.0000   3260.0000   3746.0000    202.0000   3375.0000    101.0000   2962.0000  
   501.0000   8052.0000   6714.0000  
38
   996.0000   1009.0000    957.0000    971.0000    922.0000    861.0000    994.0000   1053.0000   1126.0000   1203.0000   1080.0000    929.0000    907.0000    523.0000    549.0000    497.0000    368.0000    229.0000     72.0000     21.0000  
    7490.0000     7777.0000  
   381.0000   1240.0000   3260.0000   3746.0000    202.0000   3375.0000    101.0000   2962.0000  
   501.0000   8052.0000   6714.0000  
39
   996.0000   1009.0000    957.0000    971.0000    922.0000    861.0000    994.0000   1053.0000   1126.0000   1203.0000   1080.0000    929.0000    907.0000    523.0000    549.0000    497.0000    368.0000    229.0000     72.0000     21.0000  
    7490.0000     7777.0000  
   381.0000   1240.0000   3260.0000   3746.0000    202.0000   3375.0000    101.0000   2962.0000  
   501.0000   8052.0000   6714.0000  
40
   996.0000   1009.0000    957.0000    971.0000    922.0000    861.0000    994.0000   1053.0000   1126.0000   1203.0000   1080.0000    929.0000    907.0000    523.0000    549.0000    497.0000    368.0000    229.0000     72.0000     21.0000  
    7490.0000     7777.0000  
   381.0000   1240.0000   3260.0000   3746.0000    202.0000   3375.0000    101.0000   2962.0000  
   501.0000   8052.0000   6714.0000  
41
   996.0000   1009.0000    957.0000    971.0000    922.0000    861.0000    994.0000   1053.0000   1126.0000   1203.0000   1080.0000    929.0000    907.0000    523.0000    549.0000    497.0000    368.0000    229.0000     72.0000     21.0000  
    7490.0000     7777.0000  
   381.0000   1240.0000   3260.0000   3746.0000    202.0000   3375.0000    101.0000   2962.0000  
   501.0000   8052.0000   6714.0000  
