                    0   10946208.999999993     
                    1   141.61668822334110     
                    2   74.849164189173862     
                    3   44.769363396881666     
                    4   26.954889751720334     
                    5   16.225763078658510     
                    6   9.7863173526369316     
                    7   5.9144015479327807     
                    8   3.5800153952845415     
                    9   2.1694055972404200     
                   10   1.3155787215288881     
                   11  0.79817614509353285     
                   12  0.48440687114701075     
                   13  0.29403734054387520     
                   14  0.17850255198370782     
                   15  0.10837195434115492     
                   16   6.5797297049267095E-002
                   17   3.9949430533144800E-002
                   18   2.4256049610415352E-002
                   19   1.4727660837139006E-002
                   20   8.9423166467103594E-003
                   21   5.4296004817294390E-003
                   22   3.2967548467627145E-003
                   23   2.0017323537412442E-003
                   24   1.2154181376907997E-003
                   25   7.3798176472445170E-004
                   26   4.4809043835032143E-004
                   27   2.7207322268993779E-004
                   28   1.6519845252271589E-004
                   29   1.0030582890216964E-004
                   30   6.0904081752515536E-005
                   31   3.6979974888945422E-005
                   32   2.2453646008837160E-005
                   33   1.3633491402481840E-005
                   34   8.2780378776353453E-006
                   35   5.0262892533187685E-006
                   36   3.0518823765950305E-006
                   37   1.8530549498402618E-006
                   38   1.1251432358477028E-006
                   39   6.8317027473140113E-007
