0
   261.3619    246.0743    249.2388    262.7925    276.3499    282.3693    291.6951    300.0461    320.6172    336.7731    317.9366    286.0268    265.2127    195.7533    182.8560    163.8863    124.4850     73.7958     21.5724      6.1569  
 5370234.0000  5581032.0000  
   131.5227    544.1556    973.3355   1035.7362    106.1615    888.8477     21.2408    764.0000  
   153.3519   2768.5088   1543.1393  
 1
   217.8023    247.4606    242.8268    301.6451    259.1946    236.3799    206.9188    270.0152    301.1455    340.0325    325.7445    297.3537    312.7241    202.5742    217.6017    206.0309    165.5437     83.5257     22.5861      7.8940  
    2173.0051     2291.9949  
   173.8206    541.6705   1095.4554   1070.1808     73.1861    741.5864      5.1001    764.0000  
   218.0477   2637.7396   1609.2127  
 2
   228.5889    259.7161    254.8534    286.3118    262.0052    239.9179    209.8852    271.4386    296.9227    329.7469    310.7258    284.2773    315.2271    206.9916    220.2540    206.8150    166.3942     84.1910     22.7967      7.9406  
    2175.9221     2289.0779  
   179.6050    548.7532   1112.8049   1056.9626     70.2144    727.6214      5.0387    764.0000  
   220.8907   2601.1182   1642.9911  
 3
   231.8186    263.3855    258.4536    286.8020    263.2099    238.9987    208.9181    269.7187    294.3156    325.9946    306.8054    281.5316    315.9334    208.2622    221.2579    207.4935    166.8620     84.4330     22.8527      7.9533  
    2173.1774     2291.8226  
   181.0115    552.4489   1116.2355   1053.7937     69.4830    723.0096      5.0178    764.0000  
   222.1858   2584.7836   1658.0305  
 4
   233.2882    265.0552    260.0918    287.6712    263.2910    238.2386    208.1719    268.6136    292.9007    324.2105    305.0583    280.3562    316.3764    208.9828    221.9262    208.0315    167.2469     84.6220     22.8999      7.9671  
    2172.0242     2292.9758  
   181.5400    553.8417   1117.2406   1052.7592     69.2261    721.3832      5.0092    764.0000  
   222.9393   2576.5256   1665.5351  
 5
   234.0379    265.9069    260.9275    288.2226    263.2152    237.7434    207.6987    267.9502    292.1025    323.2616    304.1614    279.7620    316.6353    209.4029    222.3537    208.4060    167.5320     84.7642     22.9371      7.9790  
    2171.5218     2293.4782  
   181.7641    554.4158   1117.6225   1052.3658     69.1173    720.7094      5.0051    764.0000  
   223.3787   2572.0398   1669.5816  
 6
   234.4470    266.3718    261.3836    288.5459    263.1385    237.4405    207.4127    267.5582    291.6432    322.7305    303.6688    279.4381    316.7867    209.6495    222.6161    208.6441    167.7180     84.8576     22.9619      7.9872  
    2171.2835     2293.7165  
   181.8710    554.6837   1117.7964   1052.1929     69.0646    720.3884      5.0029    764.0000  
   223.6357   2569.5065   1671.8578  
 7
   234.6787    266.6349    261.6418    288.7343    263.0848    237.2597    207.2429    267.3277    291.3764    322.4259    303.3890    279.2547    316.8751    209.7943    222.7734    208.7891    167.8324     84.9153     22.9773      7.9923  
    2171.1599     2293.8401  
   181.9269    554.8218   1117.8854   1052.1072     69.0368    720.2202      5.0017    764.0000  
   223.7863   2568.0474   1673.1663  
 8
   234.8123    266.7867    261.7907    288.8443    263.0507    237.1527    207.1427    267.1923    291.2206    322.2492    303.2273    279.1488    316.9268    209.8793    222.8667    208.8757    167.9011     84.9500     22.9866      7.9955  
    2171.0921     2293.9079  
   181.9578    554.8975   1117.9341   1052.0612     69.0213    720.1271      5.0010    764.0000  
   223.8746   2567.1988   1673.9266  
 9
   234.8901    266.8751    261.8774    288.9087    263.0301    237.0897    207.0838    267.1129    291.1294    322.1461    303.1332    279.0872    316.9571    209.9291    222.9216    208.9268    167.9418     84.9706     22.9921      7.9973  
    2171.0535     2293.9465  
   181.9755    554.9404   1117.9617   1052.0355     69.0124    720.0740      5.0006    764.0000  
   223.9264   2566.7029   1674.3707  
10
   234.9355    266.9267    261.9281    288.9464    263.0177    237.0527    207.0492    267.0663    291.0759    322.0857    303.0781    279.0511    316.9748    209.9584    222.9540    208.9570    167.9658     84.9827     22.9954      7.9984  
    2171.0313     2293.9687  
   181.9857    554.9652   1117.9776   1052.0207     69.0072    720.0433      5.0003    764.0000  
   223.9568   2566.4124   1674.6308  
11
   234.9622    266.9570    261.9578    288.9685    263.0104    237.0309    207.0289    267.0389    291.0446    322.0503    303.0458    279.0300    316.9852    209.9756    222.9730    208.9747    167.9799     84.9898     22.9973      7.9991  
    2171.0183     2293.9817  
   181.9916    554.9796   1117.9869   1052.0121     69.0042    720.0253      5.0002    764.0000  
   223.9746   2566.2421   1674.7833  
12
   234.9778    266.9748    261.9752    288.9815    263.0061    237.0182    207.0170    267.0228    291.0262    322.0295    303.0269    279.0176    316.9913    209.9857    222.9841    208.9852    167.9882     84.9940     22.9984      7.9995  
    2171.0107     2293.9893  
   181.9951    554.9880   1117.9923   1052.0071     69.0025    720.0149      5.0001    764.0000  
   223.9851   2566.1421   1674.8728  
13
   234.9870    266.9852    261.9855    288.9892    263.0036    237.0107    207.0100    267.0134    291.0154    322.0173    303.0158    279.0103    316.9949    209.9916    222.9907    208.9913    167.9931     84.9965     22.9991      7.9997  
    2171.0063     2293.9937  
   181.9971    554.9930   1117.9955   1052.0042     69.0015    720.0087      5.0001    764.0000  
   223.9913   2566.0834   1674.9253  
14
   234.9923    266.9913    261.9915    288.9936    263.0021    237.0063    207.0059    267.0079    291.0090    322.0102    303.0093    279.0061    316.9970    209.9951    222.9945    208.9949    167.9959     84.9979     22.9994      7.9998  
    2171.0037     2293.9963  
   181.9983    554.9959   1117.9974   1052.0024     69.0009    720.0051      5.0000    764.0000  
   223.9949   2566.0490   1674.9562  
15
   234.9955    266.9949    261.9950    288.9963    263.0012    237.0037    207.0034    267.0046    291.0053    322.0060    303.0054    279.0036    316.9982    209.9971    222.9968    208.9970    167.9976     84.9988     22.9997      7.9999  
    2171.0022     2293.9978  
   181.9990    554.9976   1117.9984   1052.0014     69.0005    720.0030      5.0000    764.0000  
   223.9970   2566.0288   1674.9743  
16
   234.9974    266.9970    261.9971    288.9978    263.0007    237.0022    207.0020    267.0027    291.0031    322.0035    303.0032    279.0021    316.9990    209.9983    222.9981    208.9982    167.9986     84.9993     22.9998      7.9999  
    2171.0013     2293.9987  
   181.9994    554.9986   1117.9991   1052.0008     69.0003    720.0018      5.0000    764.0000  
   223.9982   2566.0169   1674.9849  
17
   234.9985    266.9982    261.9983    288.9987    263.0004    237.0013    207.0012    267.0016    291.0018    322.0021    303.0019    279.0012    316.9994    209.9990    222.9989    208.9990    167.9992     84.9996     22.9999      8.0000  
    2171.0007     2293.9993  
   181.9997    554.9992   1117.9995   1052.0005     69.0002    720.0010      5.0000    764.0000  
   223.9990   2566.0099   1674.9911  
18
   234.9991    266.9990    261.9990    288.9992    263.0003    237.0007    207.0007    267.0009    291.0011    322.0012    303.0011    279.0007    316.9996    209.9994    222.9993    208.9994    167.9995     84.9998     22.9999      8.0000  
    2171.0004     2293.9996  
   181.9998    554.9995   1117.9997   1052.0003     69.0001    720.0006      5.0000    764.0000  
   223.9994   2566.0058   1674.9948  
19
   234.9995    266.9994    261.9994    288.9996    263.0001    237.0004    207.0004    267.0005    291.0006    322.0007    303.0006    279.0004    316.9998    209.9997    222.9996    208.9996    167.9997     84.9999     23.0000      8.0000  
    2171.0003     2293.9997  
   181.9999    554.9997   1117.9998   1052.0002     69.0001    720.0004      5.0000    764.0000  
   223.9996   2566.0034   1674.9969  
20
   234.9997    266.9996    261.9997    288.9997    263.0001    237.0003    207.0002    267.0003    291.0004    322.0004    303.0004    279.0002    316.9999    209.9998    222.9998    208.9998    167.9998     84.9999     23.0000      8.0000  
    2171.0002     2293.9998  
   181.9999    554.9998   1117.9999   1052.0001     69.0000    720.0002      5.0000    764.0000  
   223.9998   2566.0020   1674.9982  
21
   234.9998    266.9998    261.9998    288.9998    263.0001    237.0002    207.0001    267.0002    291.0002    322.0002    303.0002    279.0001    316.9999    209.9999    222.9999    208.9999    167.9999     85.0000     23.0000      8.0000  
    2171.0001     2293.9999  
   182.0000    554.9999   1117.9999   1052.0001     69.0000    720.0001      5.0000    764.0000  
   223.9999   2566.0012   1674.9989  
22
   234.9999    266.9999    261.9999    288.9999    263.0000    237.0001    207.0001    267.0001    291.0001    322.0001    303.0001    279.0001    317.0000    209.9999    222.9999    208.9999    167.9999     85.0000     23.0000      8.0000  
    2171.0001     2293.9999  
   182.0000    554.9999   1118.0000   1052.0000     69.0000    720.0001      5.0000    764.0000  
   223.9999   2566.0007   1674.9994  
23
   234.9999    266.9999    261.9999    288.9999    263.0000    237.0001    207.0000    267.0001    291.0001    322.0001    303.0001    279.0001    317.0000    210.0000    223.0000    209.0000    168.0000     85.0000     23.0000      8.0000  
    2171.0000     2294.0000  
   182.0000    555.0000   1118.0000   1052.0000     69.0000    720.0000      5.0000    764.0000  
   224.0000   2566.0004   1674.9996  
24
   235.0000    267.0000    262.0000    289.0000    263.0000    237.0000    207.0000    267.0000    291.0000    322.0000    303.0000    279.0000    317.0000    210.0000    223.0000    209.0000    168.0000     85.0000     23.0000      8.0000  
    2171.0000     2294.0000  
   182.0000    555.0000   1118.0000   1052.0000     69.0000    720.0000      5.0000    764.0000  
   224.0000   2566.0002   1674.9998  
25
   235.0000    267.0000    262.0000    289.0000    263.0000    237.0000    207.0000    267.0000    291.0000    322.0000    303.0000    279.0000    317.0000    210.0000    223.0000    209.0000    168.0000     85.0000     23.0000      8.0000  
    2171.0000     2294.0000  
   182.0000    555.0000   1118.0000   1052.0000     69.0000    720.0000      5.0000    764.0000  
   224.0000   2566.0001   1674.9999  
26
   235.0000    267.0000    262.0000    289.0000    263.0000    237.0000    207.0000    267.0000    291.0000    322.0000    303.0000    279.0000    317.0000    210.0000    223.0000    209.0000    168.0000     85.0000     23.0000      8.0000  
    2171.0000     2294.0000  
   182.0000    555.0000   1118.0000   1052.0000     69.0000    720.0000      5.0000    764.0000  
   224.0000   2566.0001   1674.9999  
27
   235.0000    267.0000    262.0000    289.0000    263.0000    237.0000    207.0000    267.0000    291.0000    322.0000    303.0000    279.0000    317.0000    210.0000    223.0000    209.0000    168.0000     85.0000     23.0000      8.0000  
    2171.0000     2294.0000  
   182.0000    555.0000   1118.0000   1052.0000     69.0000    720.0000      5.0000    764.0000  
   224.0000   2566.0000   1675.0000  
28
   235.0000    267.0000    262.0000    289.0000    263.0000    237.0000    207.0000    267.0000    291.0000    322.0000    303.0000    279.0000    317.0000    210.0000    223.0000    209.0000    168.0000     85.0000     23.0000      8.0000  
    2171.0000     2294.0000  
   182.0000    555.0000   1118.0000   1052.0000     69.0000    720.0000      5.0000    764.0000  
   224.0000   2566.0000   1675.0000  
29
   235.0000    267.0000    262.0000    289.0000    263.0000    237.0000    207.0000    267.0000    291.0000    322.0000    303.0000    279.0000    317.0000    210.0000    223.0000    209.0000    168.0000     85.0000     23.0000      8.0000  
    2171.0000     2294.0000  
   182.0000    555.0000   1118.0000   1052.0000     69.0000    720.0000      5.0000    764.0000  
   224.0000   2566.0000   1675.0000  
30
   235.0000    267.0000    262.0000    289.0000    263.0000    237.0000    207.0000    267.0000    291.0000    322.0000    303.0000    279.0000    317.0000    210.0000    223.0000    209.0000    168.0000     85.0000     23.0000      8.0000  
    2171.0000     2294.0000  
   182.0000    555.0000   1118.0000   1052.0000     69.0000    720.0000      5.0000    764.0000  
   224.0000   2566.0000   1675.0000  
31
   235.0000    267.0000    262.0000    289.0000    263.0000    237.0000    207.0000    267.0000    291.0000    322.0000    303.0000    279.0000    317.0000    210.0000    223.0000    209.0000    168.0000     85.0000     23.0000      8.0000  
    2171.0000     2294.0000  
   182.0000    555.0000   1118.0000   1052.0000     69.0000    720.0000      5.0000    764.0000  
   224.0000   2566.0000   1675.0000  
32
   235.0000    267.0000    262.0000    289.0000    263.0000    237.0000    207.0000    267.0000    291.0000    322.0000    303.0000    279.0000    317.0000    210.0000    223.0000    209.0000    168.0000     85.0000     23.0000      8.0000  
    2171.0000     2294.0000  
   182.0000    555.0000   1118.0000   1052.0000     69.0000    720.0000      5.0000    764.0000  
   224.0000   2566.0000   1675.0000  
33
   235.0000    267.0000    262.0000    289.0000    263.0000    237.0000    207.0000    267.0000    291.0000    322.0000    303.0000    279.0000    317.0000    210.0000    223.0000    209.0000    168.0000     85.0000     23.0000      8.0000  
    2171.0000     2294.0000  
   182.0000    555.0000   1118.0000   1052.0000     69.0000    720.0000      5.0000    764.0000  
   224.0000   2566.0000   1675.0000  
34
   235.0000    267.0000    262.0000    289.0000    263.0000    237.0000    207.0000    267.0000    291.0000    322.0000    303.0000    279.0000    317.0000    210.0000    223.0000    209.0000    168.0000     85.0000     23.0000      8.0000  
    2171.0000     2294.0000  
   182.0000    555.0000   1118.0000   1052.0000     69.0000    720.0000      5.0000    764.0000  
   224.0000   2566.0000   1675.0000  
35
   235.0000    267.0000    262.0000    289.0000    263.0000    237.0000    207.0000    267.0000    291.0000    322.0000    303.0000    279.0000    317.0000    210.0000    223.0000    209.0000    168.0000     85.0000     23.0000      8.0000  
    2171.0000     2294.0000  
   182.0000    555.0000   1118.0000   1052.0000     69.0000    720.0000      5.0000    764.0000  
   224.0000   2566.0000   1675.0000  
