0
  1082.5711   1019.2470   1032.3454   1088.4823   1144.5373   1169.4295   1208.0963   1242.7263   1327.9531   1394.8349   1316.7625   1184.5563   1098.2991    810.5380    756.9618    678.2084    514.8899    305.0409     89.1099     25.4100  
 5370234.0000  5581032.0000  
   441.5400   1849.8219   3811.3467   4392.6189    464.7134   3839.6040     87.3551   3603.0000  
   701.6687  10753.3219   7035.0094  
 1
  1052.9675   1175.3894   1217.4946   1293.5007   1060.8217    962.4935   1075.9748   1337.9112   1434.1520   1485.6057   1301.4820   1268.5852   1155.5525    659.7592    653.1973    603.6206    449.2367    232.4789     56.1579     13.6186  
    9154.4585     9335.5415  
   520.9350   1995.2130   4234.4398   4697.8256    259.6832   3123.6626     55.2408   3603.0000  
  1007.4707  10363.4069   7119.1224  
 2
  1092.9346   1219.9978   1263.6792   1218.1529   1076.4332    999.9921   1109.9055   1367.5311   1435.2400   1460.0964   1253.9557   1217.2217   1151.2778    660.3111    645.0332    588.8488    436.1748    225.6595     54.4351     13.1194  
    9056.3125     9433.6875  
   540.9323   2015.3091   4303.4024   4645.4148    250.1480   3076.6449     55.1486   3603.0000  
  1007.4493  10307.5687   7174.9820  
 3
  1098.8977   1226.6534   1270.5703   1211.8480   1083.2158   1003.1434   1113.1641   1369.5702   1434.4266   1455.5395   1247.9770   1211.7444   1149.4764    659.3143    642.8044    586.0529    433.9294    224.5041     54.1322     13.0360  
    9043.6780     9446.3220  
   543.9218   2025.2998   4315.5411   4635.3215    248.5186   3063.3592     55.0381   3603.0000  
  1007.0311  10293.4633   7189.5056  
 4
  1100.4124   1228.3441   1272.3208   1211.0736   1084.5671   1003.8323   1113.8512   1369.9656   1434.1780   1454.4496   1246.5469   1210.4679   1149.0961    659.0578    642.1868    585.2539    433.2287    224.1252     54.0330     13.0091  
    9040.9966     9449.0034  
   544.7137   2028.0277   4318.1639   4632.8438    248.1333   3060.1081     55.0096   3603.0000  
  1006.9710  10289.7095   7193.3195  
 5
  1100.8162   1228.7948   1272.7875   1210.9800   1084.8955   1003.9822   1113.9925   1370.0294   1434.0855   1454.1537   1246.1704   1210.1380   1149.0096    658.9988    642.0318    585.0504    433.0479    224.0266     54.0072     13.0020  
    9040.2732     9449.7268  
   544.9215   2028.7369   4318.7837   4632.2211    248.0362   3059.2978     55.0027   3603.0000  
  1006.9722  10288.6250   7194.4029  
 6
  1100.9329   1228.9251   1272.9224   1210.9776   1084.9757   1004.0087   1114.0142   1370.0281   1434.0443   1454.0622   1246.0621   1210.0468   1148.9942    658.9906    641.9990    585.0047    433.0063    224.0037     54.0011     13.0003  
    9040.0799     9449.9201  
   544.9766   2028.9233   4318.9392   4632.0616    248.0108   3059.0876     55.0009   3603.0000  
  1006.9815  10288.2678   7194.7506  
 7
  1100.9712   1228.9679   1272.9668   1210.9851   1084.9948   1004.0095   1114.0124   1370.0186   1434.0239   1454.0289   1246.0266   1210.0187   1148.9940    658.9925    641.9948    584.9967    432.9984    223.9993     53.9999     13.0000  
    9040.0264     9449.9736  
   544.9920   2028.9746   4318.9807   4632.0192    248.0037   3059.0295     55.0003   3603.0000  
  1006.9889  10288.1296   7194.8814  
 8
  1100.9861   1228.9845   1272.9839   1210.9911   1084.9992   1004.0065   1114.0081   1370.0111   1434.0132   1454.0147   1246.0129   1210.0086   1148.9959    658.9953    641.9959    584.9967    432.9978    223.9989     53.9998     12.9999  
    9040.0102     9449.9898  
   544.9968   2028.9901   4318.9928   4632.0069    248.0015   3059.0117     55.0002   3603.0000  
  1006.9936  10288.0675   7194.9388  
 9
  1100.9928   1228.9919   1272.9916   1210.9949   1085.0001   1004.0039   1114.0048   1370.0064   1434.0073   1454.0079   1246.0067   1210.0044   1148.9976    658.9972    641.9974    584.9978    432.9985    223.9992     53.9998     13.0000  
    9040.0046     9449.9954  
   544.9985   2028.9955   4318.9969   4632.0029    248.0007   3059.0054     55.0001   3603.0000  
  1006.9964  10288.0365   7194.9671  
10
  1100.9961   1228.9956   1272.9955   1210.9971   1085.0002   1004.0022   1114.0027   1370.0036   1434.0041   1454.0043   1246.0036   1210.0023   1148.9986    658.9984    641.9985    584.9987    432.9991    223.9995     53.9999     13.0000  
    9040.0023     9449.9977  
   544.9992   2028.9978   4318.9985   4632.0014    248.0004   3059.0027     55.0000   3603.0000  
  1006.9980  10288.0201   7194.9819  
11
  1100.9978   1228.9976   1272.9975   1210.9984   1085.0001   1004.0013   1114.0016   1370.0020   1434.0023   1454.0024   1246.0020   1210.0013   1148.9992    658.9991    641.9991    584.9992    432.9995    223.9997     53.9999     13.0000  
    9040.0012     9449.9988  
   544.9996   2028.9988   4318.9992   4632.0007    248.0002   3059.0014     55.0000   3603.0000  
  1006.9989  10288.0112   7194.9900  
12
  1100.9988   1228.9987   1272.9986   1210.9991   1085.0001   1004.0007   1114.0009   1370.0011   1434.0013   1454.0013   1246.0011   1210.0007   1148.9995    658.9995    641.9995    584.9996    432.9997    223.9998     54.0000     13.0000  
    9040.0007     9449.9993  
   544.9998   2028.9994   4318.9996   4632.0004    248.0001   3059.0008     55.0000   3603.0000  
  1006.9994  10288.0062   7194.9944  
13
  1100.9993   1228.9993   1272.9992   1210.9995   1085.0000   1004.0004   1114.0005   1370.0006   1434.0007   1454.0007   1246.0006   1210.0004   1148.9997    658.9997    641.9997    584.9998    432.9998    223.9999     54.0000     13.0000  
    9040.0004     9449.9996  
   544.9999   2028.9996   4318.9998   4632.0002    248.0001   3059.0004     55.0000   3603.0000  
  1006.9996  10288.0035   7194.9969  
14
  1100.9996   1228.9996   1272.9996   1210.9997   1085.0000   1004.0002   1114.0003   1370.0004   1434.0004   1454.0004   1246.0003   1210.0002   1148.9999    658.9998    641.9998    584.9999    432.9999    223.9999     54.0000     13.0000  
    9040.0002     9449.9998  
   544.9999   2028.9998   4318.9999   4632.0001    248.0000   3059.0002     55.0000   3603.0000  
  1006.9998  10288.0019   7194.9983  
15
  1100.9998   1228.9998   1272.9998   1210.9998   1085.0000   1004.0001   1114.0002   1370.0002   1434.0002   1454.0002   1246.0002   1210.0001   1148.9999    658.9999    641.9999    584.9999    432.9999    224.0000     54.0000     13.0000  
    9040.0001     9449.9999  
   545.0000   2028.9999   4318.9999   4632.0001    248.0000   3059.0001     55.0000   3603.0000  
  1006.9999  10288.0011   7194.9990  
16
  1100.9999   1228.9999   1272.9999   1210.9999   1085.0000   1004.0001   1114.0001   1370.0001   1434.0001   1454.0001   1246.0001   1210.0001   1149.0000    659.0000    642.0000    585.0000    433.0000    224.0000     54.0000     13.0000  
    9040.0001     9449.9999  
   545.0000   2028.9999   4319.0000   4632.0000    248.0000   3059.0001     55.0000   3603.0000  
  1006.9999  10288.0006   7194.9995  
17
  1100.9999   1228.9999   1272.9999   1210.9999   1085.0000   1004.0000   1114.0000   1370.0001   1434.0001   1454.0001   1246.0001   1210.0000   1149.0000    659.0000    642.0000    585.0000    433.0000    224.0000     54.0000     13.0000  
    9040.0000     9450.0000  
   545.0000   2029.0000   4319.0000   4632.0000    248.0000   3059.0000     55.0000   3603.0000  
  1007.0000  10288.0003   7194.9997  
18
  1101.0000   1229.0000   1273.0000   1211.0000   1085.0000   1004.0000   1114.0000   1370.0000   1434.0000   1454.0000   1246.0000   1210.0000   1149.0000    659.0000    642.0000    585.0000    433.0000    224.0000     54.0000     13.0000  
    9040.0000     9450.0000  
   545.0000   2029.0000   4319.0000   4632.0000    248.0000   3059.0000     55.0000   3603.0000  
  1007.0000  10288.0002   7194.9998  
19
  1101.0000   1229.0000   1273.0000   1211.0000   1085.0000   1004.0000   1114.0000   1370.0000   1434.0000   1454.0000   1246.0000   1210.0000   1149.0000    659.0000    642.0000    585.0000    433.0000    224.0000     54.0000     13.0000  
    9040.0000     9450.0000  
   545.0000   2029.0000   4319.0000   4632.0000    248.0000   3059.0000     55.0000   3603.0000  
  1007.0000  10288.0001   7194.9999  
20
  1101.0000   1229.0000   1273.0000   1211.0000   1085.0000   1004.0000   1114.0000   1370.0000   1434.0000   1454.0000   1246.0000   1210.0000   1149.0000    659.0000    642.0000    585.0000    433.0000    224.0000     54.0000     13.0000  
    9040.0000     9450.0000  
   545.0000   2029.0000   4319.0000   4632.0000    248.0000   3059.0000     55.0000   3603.0000  
  1007.0000  10288.0001   7194.9999  
21
  1101.0000   1229.0000   1273.0000   1211.0000   1085.0000   1004.0000   1114.0000   1370.0000   1434.0000   1454.0000   1246.0000   1210.0000   1149.0000    659.0000    642.0000    585.0000    433.0000    224.0000     54.0000     13.0000  
    9040.0000     9450.0000  
   545.0000   2029.0000   4319.0000   4632.0000    248.0000   3059.0000     55.0000   3603.0000  
  1007.0000  10288.0000   7195.0000  
22
  1101.0000   1229.0000   1273.0000   1211.0000   1085.0000   1004.0000   1114.0000   1370.0000   1434.0000   1454.0000   1246.0000   1210.0000   1149.0000    659.0000    642.0000    585.0000    433.0000    224.0000     54.0000     13.0000  
    9040.0000     9450.0000  
   545.0000   2029.0000   4319.0000   4632.0000    248.0000   3059.0000     55.0000   3603.0000  
  1007.0000  10288.0000   7195.0000  
23
  1101.0000   1229.0000   1273.0000   1211.0000   1085.0000   1004.0000   1114.0000   1370.0000   1434.0000   1454.0000   1246.0000   1210.0000   1149.0000    659.0000    642.0000    585.0000    433.0000    224.0000     54.0000     13.0000  
    9040.0000     9450.0000  
   545.0000   2029.0000   4319.0000   4632.0000    248.0000   3059.0000     55.0000   3603.0000  
  1007.0000  10288.0000   7195.0000  
24
  1101.0000   1229.0000   1273.0000   1211.0000   1085.0000   1004.0000   1114.0000   1370.0000   1434.0000   1454.0000   1246.0000   1210.0000   1149.0000    659.0000    642.0000    585.0000    433.0000    224.0000     54.0000     13.0000  
    9040.0000     9450.0000  
   545.0000   2029.0000   4319.0000   4632.0000    248.0000   3059.0000     55.0000   3603.0000  
  1007.0000  10288.0000   7195.0000  
25
  1101.0000   1229.0000   1273.0000   1211.0000   1085.0000   1004.0000   1114.0000   1370.0000   1434.0000   1454.0000   1246.0000   1210.0000   1149.0000    659.0000    642.0000    585.0000    433.0000    224.0000     54.0000     13.0000  
    9040.0000     9450.0000  
   545.0000   2029.0000   4319.0000   4632.0000    248.0000   3059.0000     55.0000   3603.0000  
  1007.0000  10288.0000   7195.0000  
26
  1101.0000   1229.0000   1273.0000   1211.0000   1085.0000   1004.0000   1114.0000   1370.0000   1434.0000   1454.0000   1246.0000   1210.0000   1149.0000    659.0000    642.0000    585.0000    433.0000    224.0000     54.0000     13.0000  
    9040.0000     9450.0000  
   545.0000   2029.0000   4319.0000   4632.0000    248.0000   3059.0000     55.0000   3603.0000  
  1007.0000  10288.0000   7195.0000  
27
  1101.0000   1229.0000   1273.0000   1211.0000   1085.0000   1004.0000   1114.0000   1370.0000   1434.0000   1454.0000   1246.0000   1210.0000   1149.0000    659.0000    642.0000    585.0000    433.0000    224.0000     54.0000     13.0000  
    9040.0000     9450.0000  
   545.0000   2029.0000   4319.0000   4632.0000    248.0000   3059.0000     55.0000   3603.0000  
  1007.0000  10288.0000   7195.0000  
28
  1101.0000   1229.0000   1273.0000   1211.0000   1085.0000   1004.0000   1114.0000   1370.0000   1434.0000   1454.0000   1246.0000   1210.0000   1149.0000    659.0000    642.0000    585.0000    433.0000    224.0000     54.0000     13.0000  
    9040.0000     9450.0000  
   545.0000   2029.0000   4319.0000   4632.0000    248.0000   3059.0000     55.0000   3603.0000  
  1007.0000  10288.0000   7195.0000  
