0
   516.5482    486.3362    492.5980    519.3873    546.2657    558.1957    576.5943    593.0661    633.7051    665.6654    628.4801    565.4435    524.3438    387.1144    361.7538    324.4129    246.6386    146.3679     42.8381     12.2451  
 5370234.0000  5581032.0000  
   234.2210    985.1533   1870.6957   2056.8098    218.7955   1768.8037     40.5211   1653.0000  
   319.5666   5264.5972   3243.8362  
 1
   540.6101    516.5196    535.7961    653.3412    569.5825    509.7902    472.7816    529.4423    622.2455    607.4986    674.4691    563.8113    524.5152    332.4078    367.6313    314.0519    247.7738    182.7911     50.5665     12.3743  
    4267.9172     4560.0828  
   216.2823    932.4142   2114.0049   2229.1453    185.9616   1472.0810     25.1108   1653.0000  
   484.7051   5133.3803   3209.9146  
 2
   554.5072    529.7966    549.5653    600.5606    556.7860    514.7660    480.5820    536.4524    621.9273    601.0379    657.3629    547.2359    529.7306    340.5678    377.5319    321.8809    254.4514    188.2448     52.2135     12.7992  
    4251.7134     4576.2866  
   217.6047    916.1648   2137.9206   2223.8987    183.7865   1470.5504     25.0744   1653.0000  
   488.9466   5108.5131   3230.5403  
 3
   557.2040    532.3732    552.2381    598.5691    556.6949    512.7848    478.7876    534.2543    618.9759    597.8955    654.0645    545.2803    530.6660    342.1723    379.8495    324.1468    256.5244    189.8990     52.6942     12.9256  
    4252.2357     4575.7643  
   217.5858    915.6883   2140.5342   2223.6763    183.4472   1469.0316     25.0365   1653.0000  
   490.6754   5094.0183   3243.3062  
 4
   558.7909    533.8894    553.8108    599.4086    556.3797    511.5889    477.6028    532.8709    617.2788    596.2314    652.3397    544.3195    531.2482    342.9734    380.8218    325.0019    257.2183    190.4221     52.8410     12.9620  
    4251.9371     4576.0629  
   217.7339    916.1376   2141.2072   2223.4394    183.2657   1468.1961     25.0201   1653.0000  
   491.6679   5085.5562   3250.7758  
 5
   559.7225    534.7794    554.7340    600.0690    556.2134    510.9094    476.9188    532.0735    616.3087    595.2835    651.3489    543.7635    531.5722    343.4132    381.3305    325.4353    257.5595    190.6750     52.9108     12.9788  
    4251.5683     4576.4317  
   217.8425    916.4862   2141.5416   2223.2645    183.1552   1467.6984     25.0116   1653.0000  
   492.2347   5080.6583   3255.1071  
 6
   560.2632    535.2961    555.2699    600.4635    556.1221    510.5221    476.5276    531.6168    615.7523    594.7386    650.7770    543.4407    531.7552    343.6630    381.6162    325.6767    257.7480    190.8142     52.9490     12.9879  
    4251.3310     4576.6690  
   217.9086    916.7012   2141.7346   2223.1548    183.0898   1467.4044     25.0067   1653.0000  
   492.5597   5077.8338   3257.6065  
 7
   560.5755    535.5945    555.5794    600.6913    556.0703    510.3002    476.3034    531.3547    615.4328    594.4251    650.4474    543.2540    531.8595    343.8062    381.7793    325.8142    257.8552    190.8932     52.9707     12.9930  
    4251.1910     4576.8090  
   217.9472    916.8274   2141.8468   2223.0897    183.0518   1467.2332     25.0038   1653.0000  
   492.7466   5076.2072   3259.0462  
 8
   560.7555    535.7664    555.7577    600.8223    556.0405    510.1728    476.1746    531.2042    615.2491    594.2447    650.2576    543.1464    531.9192    343.8884    381.8730    325.8931    257.9167    190.9386     52.9832     12.9960  
    4251.1100     4576.8900  
   217.9696    916.9006   2141.9118   2223.0517    183.0298   1467.1343     25.0022   1653.0000  
   492.8541   5075.2709   3259.8750  
 9
   560.8592    535.8655    555.8605    600.8977    556.0234    510.0995    476.1005    531.1175    615.1434    594.1409    650.1483    543.0843    531.9535    343.9358    381.9269    325.9384    257.9520    190.9646     52.9903     12.9977  
    4251.0633     4576.9367  
   217.9825    916.9427   2141.9492   2223.0298    183.0172   1467.0773     25.0013   1653.0000  
   492.9160   5074.7318   3260.3522  
10
   560.9189    535.9225    555.9197    600.9411    556.0135    510.0573    476.0579    531.0677    615.0826    594.0811    650.0854    543.0485    531.9732    343.9630    381.9579    325.9645    257.9724    190.9796     52.9944     12.9987  
    4251.0365     4576.9635  
   217.9899    916.9670   2141.9708   2223.0172    183.0099   1467.0445     25.0007   1653.0000  
   492.9516   5074.4214   3260.6270  
11
   560.9533    535.9554    555.9537    600.9661    556.0078    510.0330    476.0333    531.0390    615.0476    594.0467    650.0492    543.0280    531.9846    343.9787    381.9758    325.9796    257.9841    190.9883     52.9968     12.9992  
    4251.0210     4576.9790  
   217.9942    916.9810   2141.9832   2223.0099    183.0057   1467.0256     25.0004   1653.0000  
   492.9721   5074.2427   3260.7852  
12
   560.9731    535.9743    555.9734    600.9805    556.0045    510.0190    476.0192    531.0224    615.0274    594.0269    650.0283    543.0161    531.9911    343.9877    381.9860    325.9882    257.9908    190.9932     52.9981     12.9996  
    4251.0121     4576.9879  
   217.9967    916.9891   2141.9903   2223.0057    183.0033   1467.0148     25.0002   1653.0000  
   492.9840   5074.1398   3260.8763  
13
   560.9845    535.9852    555.9847    600.9887    556.0026    510.0109    476.0111    531.0129    615.0158    594.0155    650.0163    543.0093    531.9949    343.9929    381.9920    325.9932    257.9947    190.9961     52.9989     12.9997  
    4251.0070     4576.9930  
   217.9981    916.9937   2141.9944   2223.0033    183.0019   1467.0085     25.0001   1653.0000  
   492.9908   5074.0805   3260.9287  
14
   560.9911    535.9915    555.9912    600.9935    556.0015    510.0063    476.0064    531.0074    615.0091    594.0089    650.0094    543.0053    531.9971    343.9959    381.9954    325.9961    257.9970    190.9978     52.9994     12.9999  
    4251.0040     4576.9960  
   217.9989    916.9964   2141.9968   2223.0019    183.0011   1467.0049     25.0001   1653.0000  
   492.9947   5074.0464   3260.9590  
15
   560.9949    535.9951    555.9949    600.9963    556.0009    510.0036    476.0037    531.0043    615.0052    594.0051    650.0054    543.0031    531.9983    343.9977    381.9973    325.9978    257.9982    190.9987     52.9996     12.9999  
    4251.0023     4576.9977  
   217.9994    916.9979   2141.9981   2223.0011    183.0006   1467.0028     25.0000   1653.0000  
   492.9969   5074.0267   3260.9764  
16
   560.9970    535.9972    555.9971    600.9979    556.0005    510.0021    476.0021    531.0025    615.0030    594.0030    650.0031    543.0018    531.9990    343.9987    381.9985    325.9987    257.9990    190.9993     52.9998     13.0000  
    4251.0013     4576.9987  
   217.9996    916.9988   2141.9989   2223.0006    183.0004   1467.0016     25.0000   1653.0000  
   492.9982   5074.0154   3260.9864  
17
   560.9983    535.9984    555.9983    600.9988    556.0003    510.0012    476.0012    531.0014    615.0017    594.0017    650.0018    543.0010    531.9994    343.9992    381.9991    325.9993    257.9994    190.9996     52.9999     13.0000  
    4251.0008     4576.9992  
   217.9998    916.9993   2141.9994   2223.0004    183.0002   1467.0009     25.0000   1653.0000  
   492.9990   5074.0089   3260.9922  
18
   560.9990    535.9991    555.9990    600.9993    556.0002    510.0007    476.0007    531.0008    615.0010    594.0010    650.0010    543.0006    531.9997    343.9996    381.9995    325.9996    257.9997    190.9998     52.9999     13.0000  
    4251.0004     4576.9996  
   217.9999    916.9996   2141.9996   2223.0002    183.0001   1467.0005     25.0000   1653.0000  
   492.9994   5074.0051   3260.9955  
19
   560.9994    535.9995    555.9994    600.9996    556.0001    510.0004    476.0004    531.0005    615.0006    594.0006    650.0006    543.0003    531.9998    343.9997    381.9997    325.9998    257.9998    190.9999     53.0000     13.0000  
    4251.0003     4576.9997  
   217.9999    916.9998   2141.9998   2223.0001    183.0001   1467.0003     25.0000   1653.0000  
   492.9997   5074.0029   3260.9974  
20
   560.9997    535.9997    555.9997    600.9998    556.0001    510.0002    476.0002    531.0003    615.0003    594.0003    650.0003    543.0002    531.9999    343.9999    381.9998    325.9999    257.9999    190.9999     53.0000     13.0000  
    4251.0001     4576.9999  
   218.0000    916.9999   2141.9999   2223.0001    183.0000   1467.0002     25.0000   1653.0000  
   492.9998   5074.0017   3260.9985  
21
   560.9998    535.9998    555.9998    600.9999    556.0000    510.0001    476.0001    531.0002    615.0002    594.0002    650.0002    543.0001    531.9999    343.9999    381.9999    325.9999    257.9999    191.0000     53.0000     13.0000  
    4251.0001     4576.9999  
   218.0000    916.9999   2141.9999   2223.0000    183.0000   1467.0001     25.0000   1653.0000  
   492.9999   5074.0010   3260.9991  
22
   560.9999    535.9999    555.9999    600.9999    556.0000    510.0001    476.0001    531.0001    615.0001    594.0001    650.0001    543.0001    532.0000    344.0000    381.9999    326.0000    258.0000    191.0000     53.0000     13.0000  
    4251.0000     4577.0000  
   218.0000    917.0000   2142.0000   2223.0000    183.0000   1467.0001     25.0000   1653.0000  
   492.9999   5074.0006   3260.9995  
23
   560.9999    535.9999    555.9999    601.0000    556.0000    510.0000    476.0000    531.0001    615.0001    594.0001    650.0001    543.0000    532.0000    344.0000    382.0000    326.0000    258.0000    191.0000     53.0000     13.0000  
    4251.0000     4577.0000  
   218.0000    917.0000   2142.0000   2223.0000    183.0000   1467.0000     25.0000   1653.0000  
   493.0000   5074.0003   3260.9997  
24
   561.0000    536.0000    556.0000    601.0000    556.0000    510.0000    476.0000    531.0000    615.0000    594.0000    650.0000    543.0000    532.0000    344.0000    382.0000    326.0000    258.0000    191.0000     53.0000     13.0000  
    4251.0000     4577.0000  
   218.0000    917.0000   2142.0000   2223.0000    183.0000   1467.0000     25.0000   1653.0000  
   493.0000   5074.0002   3260.9998  
25
   561.0000    536.0000    556.0000    601.0000    556.0000    510.0000    476.0000    531.0000    615.0000    594.0000    650.0000    543.0000    532.0000    344.0000    382.0000    326.0000    258.0000    191.0000     53.0000     13.0000  
    4251.0000     4577.0000  
   218.0000    917.0000   2142.0000   2223.0000    183.0000   1467.0000     25.0000   1653.0000  
   493.0000   5074.0001   3260.9999  
26
   561.0000    536.0000    556.0000    601.0000    556.0000    510.0000    476.0000    531.0000    615.0000    594.0000    650.0000    543.0000    532.0000    344.0000    382.0000    326.0000    258.0000    191.0000     53.0000     13.0000  
    4251.0000     4577.0000  
   218.0000    917.0000   2142.0000   2223.0000    183.0000   1467.0000     25.0000   1653.0000  
   493.0000   5074.0001   3260.9999  
27
   561.0000    536.0000    556.0000    601.0000    556.0000    510.0000    476.0000    531.0000    615.0000    594.0000    650.0000    543.0000    532.0000    344.0000    382.0000    326.0000    258.0000    191.0000     53.0000     13.0000  
    4251.0000     4577.0000  
   218.0000    917.0000   2142.0000   2223.0000    183.0000   1467.0000     25.0000   1653.0000  
   493.0000   5074.0000   3261.0000  
28
   561.0000    536.0000    556.0000    601.0000    556.0000    510.0000    476.0000    531.0000    615.0000    594.0000    650.0000    543.0000    532.0000    344.0000    382.0000    326.0000    258.0000    191.0000     53.0000     13.0000  
    4251.0000     4577.0000  
   218.0000    917.0000   2142.0000   2223.0000    183.0000   1467.0000     25.0000   1653.0000  
   493.0000   5074.0000   3261.0000  
29
   561.0000    536.0000    556.0000    601.0000    556.0000    510.0000    476.0000    531.0000    615.0000    594.0000    650.0000    543.0000    532.0000    344.0000    382.0000    326.0000    258.0000    191.0000     53.0000     13.0000  
    4251.0000     4577.0000  
   218.0000    917.0000   2142.0000   2223.0000    183.0000   1467.0000     25.0000   1653.0000  
   493.0000   5074.0000   3261.0000  
30
   561.0000    536.0000    556.0000    601.0000    556.0000    510.0000    476.0000    531.0000    615.0000    594.0000    650.0000    543.0000    532.0000    344.0000    382.0000    326.0000    258.0000    191.0000     53.0000     13.0000  
    4251.0000     4577.0000  
   218.0000    917.0000   2142.0000   2223.0000    183.0000   1467.0000     25.0000   1653.0000  
   493.0000   5074.0000   3261.0000  
31
   561.0000    536.0000    556.0000    601.0000    556.0000    510.0000    476.0000    531.0000    615.0000    594.0000    650.0000    543.0000    532.0000    344.0000    382.0000    326.0000    258.0000    191.0000     53.0000     13.0000  
    4251.0000     4577.0000  
   218.0000    917.0000   2142.0000   2223.0000    183.0000   1467.0000     25.0000   1653.0000  
   493.0000   5074.0000   3261.0000  
32
   561.0000    536.0000    556.0000    601.0000    556.0000    510.0000    476.0000    531.0000    615.0000    594.0000    650.0000    543.0000    532.0000    344.0000    382.0000    326.0000    258.0000    191.0000     53.0000     13.0000  
    4251.0000     4577.0000  
   218.0000    917.0000   2142.0000   2223.0000    183.0000   1467.0000     25.0000   1653.0000  
   493.0000   5074.0000   3261.0000  
33
   561.0000    536.0000    556.0000    601.0000    556.0000    510.0000    476.0000    531.0000    615.0000    594.0000    650.0000    543.0000    532.0000    344.0000    382.0000    326.0000    258.0000    191.0000     53.0000     13.0000  
    4251.0000     4577.0000  
   218.0000    917.0000   2142.0000   2223.0000    183.0000   1467.0000     25.0000   1653.0000  
   493.0000   5074.0000   3261.0000  
34
   561.0000    536.0000    556.0000    601.0000    556.0000    510.0000    476.0000    531.0000    615.0000    594.0000    650.0000    543.0000    532.0000    344.0000    382.0000    326.0000    258.0000    191.0000     53.0000     13.0000  
    4251.0000     4577.0000  
   218.0000    917.0000   2142.0000   2223.0000    183.0000   1467.0000     25.0000   1653.0000  
   493.0000   5074.0000   3261.0000  
