0
   674.8380    635.3634    643.5263    678.5194    713.4374    728.9444    753.0576    774.6546    827.7871    869.4700    820.7896    738.3682    684.5875    505.1927    471.7569    422.6201    320.7840    189.9980     55.4878     15.8170  
 5370234.0000  5581032.0000  
   281.2025   1177.6588   2449.2083   2768.7863    289.8395   2391.7973     54.5073   2112.0000  
   410.9440   6212.0775   4901.9785  
 1
   611.8512    728.3025    744.1011    766.1282    727.6221    650.2072    713.6824    862.8458    935.0724   1009.5802    812.2690    779.6826    705.0158    428.4128    362.7861    322.4485    179.6567    138.6317     33.7613     12.9425  
    5689.2314     5835.7686  
   214.1544    821.3623   2355.3590   2869.2180    163.6940   2914.6764     74.5359   2112.0000  
   408.3388   6333.1480   4783.5131  
 2
   600.3099    714.5624    730.0542    780.7654    726.7140    632.2482    683.6690    830.7432    906.8269    991.8042    812.7637    788.1138    716.3436    445.1036    391.6536    358.0980    203.5156    157.9318     38.7123     15.0664  
    5646.4932     5878.5068  
   202.2776    778.4734   2310.7164   2899.9096    168.2561   2978.0002     75.3666   2112.0000  
   416.4243   6277.7246   4830.8511  
 3
   605.5862    720.8432    736.4725    795.8345    720.0528    620.9945    671.0031    816.3128    892.9949    980.0664    806.1342    785.6649    722.7668    452.6383    400.8426    368.2332    209.9048    163.0226     40.0165     15.6153  
    5653.1097     5871.8903  
   200.9815    773.1350   2301.6433   2905.9607    168.9174   2987.0915     75.2706   2112.0000  
   421.4260   6223.3931   4880.1810  
 4
   610.8785    727.1427    742.9083    803.3732    718.2957    615.6631    664.8324    808.8418    885.0707    972.0795    800.3892    782.2556    725.9734    456.5922    404.9078    372.2812    212.3129    164.9099     40.4881     15.8040  
    5651.7228     5873.2772  
   201.1712    773.4465   2301.4062   2907.0571    168.7040   2986.0374     75.1777   2112.0000  
   424.1848   6186.9970   4913.8182  
 5
   614.4784    731.4276    747.2858    807.1583    717.6840    612.8364    661.5157    804.7095    880.4853    967.1639    796.6308    779.8180    727.6991    458.8367    407.0602    374.3094    213.4799    165.8188     40.7117     15.8906  
    5649.9839     5875.0161  
   201.4648    774.3166   2302.5211   2907.1821    168.4491   2983.9566     75.1096   2112.0000  
   425.7626   6164.6657   4934.5716  
 6
   616.7085    734.0821    749.9976    809.2011    717.3955    611.2437    659.6406    802.3459    877.8142    964.2326    794.3413    778.2839    728.6655    460.1396    408.2782    375.4310    214.1160    166.3132     40.8326     15.9367  
    5648.7945     5876.2055  
   201.6749    774.9708   2303.4620   2907.1402    168.2718   2982.4144     75.0659   2112.0000  
   426.6816   6151.3296   4946.9888  
 7
   618.0481    735.6766    751.6265    810.3597    717.2351    610.3212    658.5543    800.9707    876.2491    962.5000    792.9769    777.3567    729.2192    460.9027    408.9856    376.0768    214.4803    166.5963     40.9016     15.9628  
    5648.0641     5876.9359  
   201.8063    775.3855   2304.0773   2907.0898    168.1617   2981.4402     75.0392   2112.0000  
   427.2213   6143.4302   4954.3485  
 8
   618.8443    736.6244    752.5947    811.0330    717.1405    609.7803    657.9176    800.1636    875.3284    961.4774    792.1691    776.8039    729.5409    461.3517    409.4007    376.4548    214.6931    166.7616     40.9419     15.9780  
    5647.6289     5877.3711  
   201.8853    775.6358   2304.4523   2907.0545    168.0958   2980.8531     75.0232   2112.0000  
   427.5395   6138.7603   4958.7002  
 9
   619.3160    737.1858    753.1682    811.4285    717.0839    609.4614    657.5425    799.6879    874.7854    960.8737    791.6915    776.4761    729.7293    461.6167    409.6456    376.6775    214.8185    166.8590     40.9656     15.9870  
    5647.3715     5877.6285  
   201.9321    775.7845   2304.6759   2907.0325    168.0566   2980.5045     75.0138   2112.0000  
   427.7275   6135.9997   4961.2728  
10
   619.5951    737.5181    753.5077    811.6619    717.0500    609.2731    657.3210    799.4070    874.4647    960.5169    791.4092    776.2819    729.8401    461.7732    409.7902    376.8091    214.8926    166.9165     40.9797     15.9923  
    5647.2196     5877.7804  
   201.9599    775.8726   2304.8083   2907.0193    168.0335   2980.2983     75.0082   2112.0000  
   427.8387   6134.3671   4962.7942  
11
   619.7603    737.7147    753.7085    811.7999    717.0297    609.1616    657.1900    799.2409    874.2750    960.3059    791.2422    776.1669    729.9054    461.8657    409.8758    376.8870    214.9364    166.9506     40.9880     15.9954  
    5647.1299     5877.8701  
   201.9763    775.9246   2304.8866   2907.0114    168.0198   2980.1765     75.0048   2112.0000  
   427.9045   6133.4012   4963.6943  
12
   619.8581    737.8311    753.8274    811.8815    717.0176    609.0957    657.1125    799.1426    874.1628    960.1811    791.1434    776.0988    729.9440    461.9205    409.9265    376.9331    214.9623    166.9707     40.9929     15.9973  
    5647.0768     5877.9232  
   201.9859    775.9554   2304.9329   2907.0067    168.0117   2980.1044     75.0029   2112.0000  
   427.9435   6132.8295   4964.2270  
13
   619.9160    737.9000    753.8978    811.9298    717.0105    609.0567    657.0666    799.0844    874.0964    960.1072    791.0849    776.0585    729.9669    461.9529    409.9565    376.9604    214.9777    166.9827     40.9958     15.9984  
    5647.0455     5877.9545  
   201.9917    775.9736   2304.9603   2907.0040    168.0069   2980.0618     75.0017   2112.0000  
   427.9665   6132.4911   4964.5423  
14
   619.9503    737.9408    753.9395    811.9585    717.0062    609.0336    657.0394    799.0500    874.0571    960.0635    791.0503    776.0346    729.9804    461.9721    409.9742    376.9765    214.9868    166.9897     40.9975     15.9991  
    5647.0269     5877.9731  
   201.9951    775.9844   2304.9765   2907.0024    168.0041   2980.0366     75.0010   2112.0000  
   427.9802   6132.2908   4964.7290  
15
   619.9705    737.9649    753.9642    811.9754    717.0037    609.0199    657.0233    799.0296    874.0338    960.0376    791.0298    776.0205    729.9884    461.9835    409.9847    376.9861    214.9922    166.9939     40.9985     15.9994  
    5647.0159     5877.9841  
   201.9971    775.9907   2304.9861   2907.0014    168.0024   2980.0217     75.0006   2112.0000  
   427.9883   6132.1722   4964.8395  
16
   619.9826    737.9792    753.9788    811.9854    717.0022    609.0118    657.0138    799.0175    874.0200    960.0223    791.0176    776.0121    729.9931    461.9902    409.9910    376.9918    214.9954    166.9964     40.9991     15.9997  
    5647.0094     5877.9906  
   201.9983    775.9945   2304.9918   2907.0008    168.0014   2980.0128     75.0004   2112.0000  
   427.9931   6132.1020   4964.9050  
17
   619.9897    737.9877    753.9874    811.9914    717.0013    609.0070    657.0082    799.0104    874.0118    960.0132    791.0104    776.0072    729.9959    461.9942    409.9946    376.9951    214.9973    166.9979     40.9995     15.9998  
    5647.0056     5877.9944  
   201.9990    775.9968   2304.9951   2907.0005    168.0009   2980.0076     75.0002   2112.0000  
   427.9959   6132.0604   4964.9437  
18
   619.9939    737.9927    753.9926    811.9949    717.0008    609.0041    657.0048    799.0061    874.0070    960.0078    791.0062    776.0043    729.9976    461.9966    409.9968    376.9971    214.9984    166.9987     40.9997     15.9999  
    5647.0033     5877.9967  
   201.9994    775.9981   2304.9971   2907.0003    168.0005   2980.0045     75.0001   2112.0000  
   427.9976   6132.0358   4964.9667  
19
   619.9964    737.9957    753.9956    811.9970    717.0005    609.0024    657.0029    799.0036    874.0042    960.0046    791.0037    776.0025    729.9986    461.9980    409.9981    376.9983    214.9990    166.9993     40.9998     15.9999  
    5647.0020     5877.9980  
   201.9996    775.9989   2304.9983   2907.0002    168.0003   2980.0027     75.0001   2112.0000  
   427.9986   6132.0212   4964.9803  
20
   619.9979    737.9974    753.9974    811.9982    717.0003    609.0014    657.0017    799.0022    874.0025    960.0027    791.0022    776.0015    729.9992    461.9988    409.9989    376.9990    214.9994    166.9996     40.9999     16.0000  
    5647.0012     5877.9988  
   201.9998    775.9993   2304.9990   2907.0001    168.0002   2980.0016     75.0000   2112.0000  
   427.9991   6132.0125   4964.9883  
21
   619.9987    737.9985    753.9985    811.9989    717.0002    609.0009    657.0010    799.0013    874.0015    960.0016    791.0013    776.0009    729.9995    461.9993    409.9993    376.9994    214.9997    166.9997     40.9999     16.0000  
    5647.0007     5877.9993  
   201.9999    775.9996   2304.9994   2907.0001    168.0001   2980.0009     75.0000   2112.0000  
   427.9995   6132.0074   4964.9931  
22
   619.9992    737.9991    753.9991    811.9994    717.0001    609.0005    657.0006    799.0008    874.0009    960.0010    791.0008    776.0005    729.9997    461.9996    409.9996    376.9996    214.9998    166.9998     41.0000     16.0000  
    5647.0004     5877.9996  
   201.9999    775.9998   2304.9996   2907.0000    168.0001   2980.0006     75.0000   2112.0000  
   427.9997   6132.0044   4964.9959  
23
   619.9996    737.9995    753.9995    811.9996    717.0001    609.0003    657.0004    799.0004    874.0005    960.0006    791.0004    776.0003    729.9998    461.9998    409.9998    376.9998    214.9999    166.9999     41.0000     16.0000  
    5647.0002     5877.9998  
   202.0000    775.9999   2304.9998   2907.0000    168.0000   2980.0003     75.0000   2112.0000  
   427.9998   6132.0026   4964.9976  
24
   619.9997    737.9997    753.9997    811.9998    717.0000    609.0002    657.0002    799.0003    874.0003    960.0003    791.0003    776.0002    729.9999    461.9999    409.9999    376.9999    214.9999    166.9999     41.0000     16.0000  
    5647.0001     5877.9999  
   202.0000    775.9999   2304.9999   2907.0000    168.0000   2980.0002     75.0000   2112.0000  
   427.9999   6132.0015   4964.9986  
25
   619.9998    737.9998    753.9998    811.9999    717.0000    609.0001    657.0001    799.0002    874.0002    960.0002    791.0002    776.0001    729.9999    461.9999    409.9999    376.9999    215.0000    167.0000     41.0000     16.0000  
    5647.0001     5877.9999  
   202.0000    776.0000   2304.9999   2907.0000    168.0000   2980.0001     75.0000   2112.0000  
   427.9999   6132.0009   4964.9991  
26
   619.9999    737.9999    753.9999    811.9999    717.0000    609.0001    657.0001    799.0001    874.0001    960.0001    791.0001    776.0001    730.0000    461.9999    410.0000    377.0000    215.0000    167.0000     41.0000     16.0000  
    5647.0001     5877.9999  
   202.0000    776.0000   2305.0000   2907.0000    168.0000   2980.0001     75.0000   2112.0000  
   428.0000   6132.0005   4964.9995  
27
   619.9999    737.9999    753.9999    812.0000    717.0000    609.0000    657.0000    799.0001    874.0001    960.0001    791.0001    776.0000    730.0000    462.0000    410.0000    377.0000    215.0000    167.0000     41.0000     16.0000  
    5647.0000     5878.0000  
   202.0000    776.0000   2305.0000   2907.0000    168.0000   2980.0000     75.0000   2112.0000  
   428.0000   6132.0003   4964.9997  
28
   620.0000    738.0000    754.0000    812.0000    717.0000    609.0000    657.0000    799.0000    874.0000    960.0000    791.0000    776.0000    730.0000    462.0000    410.0000    377.0000    215.0000    167.0000     41.0000     16.0000  
    5647.0000     5878.0000  
   202.0000    776.0000   2305.0000   2907.0000    168.0000   2980.0000     75.0000   2112.0000  
   428.0000   6132.0002   4964.9998  
29
   620.0000    738.0000    754.0000    812.0000    717.0000    609.0000    657.0000    799.0000    874.0000    960.0000    791.0000    776.0000    730.0000    462.0000    410.0000    377.0000    215.0000    167.0000     41.0000     16.0000  
    5647.0000     5878.0000  
   202.0000    776.0000   2305.0000   2907.0000    168.0000   2980.0000     75.0000   2112.0000  
   428.0000   6132.0001   4964.9999  
30
   620.0000    738.0000    754.0000    812.0000    717.0000    609.0000    657.0000    799.0000    874.0000    960.0000    791.0000    776.0000    730.0000    462.0000    410.0000    377.0000    215.0000    167.0000     41.0000     16.0000  
    5647.0000     5878.0000  
   202.0000    776.0000   2305.0000   2907.0000    168.0000   2980.0000     75.0000   2112.0000  
   428.0000   6132.0001   4964.9999  
31
   620.0000    738.0000    754.0000    812.0000    717.0000    609.0000    657.0000    799.0000    874.0000    960.0000    791.0000    776.0000    730.0000    462.0000    410.0000    377.0000    215.0000    167.0000     41.0000     16.0000  
    5647.0000     5878.0000  
   202.0000    776.0000   2305.0000   2907.0000    168.0000   2980.0000     75.0000   2112.0000  
   428.0000   6132.0000   4965.0000  
32
   620.0000    738.0000    754.0000    812.0000    717.0000    609.0000    657.0000    799.0000    874.0000    960.0000    791.0000    776.0000    730.0000    462.0000    410.0000    377.0000    215.0000    167.0000     41.0000     16.0000  
    5647.0000     5878.0000  
   202.0000    776.0000   2305.0000   2907.0000    168.0000   2980.0000     75.0000   2112.0000  
   428.0000   6132.0000   4965.0000  
33
   620.0000    738.0000    754.0000    812.0000    717.0000    609.0000    657.0000    799.0000    874.0000    960.0000    791.0000    776.0000    730.0000    462.0000    410.0000    377.0000    215.0000    167.0000     41.0000     16.0000  
    5647.0000     5878.0000  
   202.0000    776.0000   2305.0000   2907.0000    168.0000   2980.0000     75.0000   2112.0000  
   428.0000   6132.0000   4965.0000  
34
   620.0000    738.0000    754.0000    812.0000    717.0000    609.0000    657.0000    799.0000    874.0000    960.0000    791.0000    776.0000    730.0000    462.0000    410.0000    377.0000    215.0000    167.0000     41.0000     16.0000  
    5647.0000     5878.0000  
   202.0000    776.0000   2305.0000   2907.0000    168.0000   2980.0000     75.0000   2112.0000  
   428.0000   6132.0000   4965.0000  
35
   620.0000    738.0000    754.0000    812.0000    717.0000    609.0000    657.0000    799.0000    874.0000    960.0000    791.0000    776.0000    730.0000    462.0000    410.0000    377.0000    215.0000    167.0000     41.0000     16.0000  
    5647.0000     5878.0000  
   202.0000    776.0000   2305.0000   2907.0000    168.0000   2980.0000     75.0000   2112.0000  
   428.0000   6132.0000   4965.0000  
36
   620.0000    738.0000    754.0000    812.0000    717.0000    609.0000    657.0000    799.0000    874.0000    960.0000    791.0000    776.0000    730.0000    462.0000    410.0000    377.0000    215.0000    167.0000     41.0000     16.0000  
    5647.0000     5878.0000  
   202.0000    776.0000   2305.0000   2907.0000    168.0000   2980.0000     75.0000   2112.0000  
   428.0000   6132.0000   4965.0000  
37
   620.0000    738.0000    754.0000    812.0000    717.0000    609.0000    657.0000    799.0000    874.0000    960.0000    791.0000    776.0000    730.0000    462.0000    410.0000    377.0000    215.0000    167.0000     41.0000     16.0000  
    5647.0000     5878.0000  
   202.0000    776.0000   2305.0000   2907.0000    168.0000   2980.0000     75.0000   2112.0000  
   428.0000   6132.0000   4965.0000  
38
   620.0000    738.0000    754.0000    812.0000    717.0000    609.0000    657.0000    799.0000    874.0000    960.0000    791.0000    776.0000    730.0000    462.0000    410.0000    377.0000    215.0000    167.0000     41.0000     16.0000  
    5647.0000     5878.0000  
   202.0000    776.0000   2305.0000   2907.0000    168.0000   2980.0000     75.0000   2112.0000  
   428.0000   6132.0000   4965.0000  
39
   620.0000    738.0000    754.0000    812.0000    717.0000    609.0000    657.0000    799.0000    874.0000    960.0000    791.0000    776.0000    730.0000    462.0000    410.0000    377.0000    215.0000    167.0000     41.0000     16.0000  
    5647.0000     5878.0000  
   202.0000    776.0000   2305.0000   2907.0000    168.0000   2980.0000     75.0000   2112.0000  
   428.0000   6132.0000   4965.0000  
