0
   387.3370    364.6770    369.3515    389.4332    409.3552    418.2078    432.0947    444.5379    475.0589    498.9403    470.9383    423.5895    392.6683    289.6321    270.2561    241.8382    183.2481    108.3094     31.5579      8.9686  
 5370234.0000  5581032.0000  
   145.4586    615.2685   1359.2347   1583.5188    170.1105   1377.4638     30.9451   1328.0000  
   242.4019   3551.0996   2816.4985  
 1
   428.4273    414.0534    430.3588    431.8942    416.3797    395.4099    492.0830    492.6081    551.8121    528.3323    480.7664    452.6547    430.8831    198.6728    171.4926    128.4965     97.1488     52.3660     10.5622      5.5981  
    3352.6330     3257.3670  
   100.2279    432.9831   1319.5880   1683.6764     90.3889   1602.9574     52.1783   1328.0000  
   190.1919   3566.6659   2853.1423  
 2
   426.7247    412.4053    428.6351    440.0661    419.2395    386.8236    470.4454    471.6808    530.0099    513.1263    477.7039    457.8951    442.0170    209.4610    188.1240    144.8575    111.4973     60.4309     12.2625      6.5941  
    3302.5257     3307.4743  
    95.2826    418.7003   1308.1068   1700.0098     91.8151   1615.6721     52.4133   1328.0000  
   194.0567   3508.8901   2907.0533  
 3
   433.7496    419.1945    435.6918    448.0217    416.5503    380.0658    461.6369    462.9968    520.6886    505.1954    471.7091    454.9773    446.9616    213.8081    192.9603    149.0409    114.9353     62.3341     12.6615      6.8202  
    3303.2747     3306.7253  
    95.1948    418.0939   1307.0790   1702.1310     91.7405   1615.4995     52.2613   1328.0000  
   196.5835   3468.1182   2945.2982  
 4
   438.8548    424.1283    440.8193    452.4010    415.8268    376.6289    457.1093    458.3669    515.4415    500.2809    467.5061    452.3798    449.2295    215.9955    195.1362    150.7880    116.3075     63.0823     12.8146      6.9028  
    3301.4844     3308.5156  
    95.4594    419.0044   1308.1663   1702.3333     91.4870   1613.3863     52.1632   1328.0000  
   197.9888   3442.8153   2969.1959  
 5
   442.0843    427.2493    444.0629    454.7530    415.4995    374.7244    454.5909    455.7517    512.4044    497.3366    464.8999    450.6638    450.4145    217.2268    196.3170    151.7064    117.0135     63.4653     12.8922      6.9437  
    3300.1180     3309.8820  
    95.6677    419.7659   1309.2137   1702.2507     91.2980   1611.7047     52.0993   1328.0000  
   198.8038   3427.5984   2983.5978  
 6
   444.0494    429.1485    446.0365    456.0805    415.3085    373.6209    453.1338    454.2305    510.6218    495.5868    463.3318    449.6042    451.0734    217.9448    196.9987    152.2311    117.4140     63.6824     12.9360      6.9666  
    3299.2651     3310.7349  
    95.8003    420.2571   1309.9183   1702.1598     91.1788   1610.6258     52.0598   1328.0000  
   199.2851   3418.5132   2992.2016  
 7
   445.2309    430.2904    447.2232    456.8553    415.1899    372.9690    452.2744    453.3321    509.5661    494.5461    462.3950    448.9632    451.4521    218.3695    197.4013    152.5401    117.6495     63.8100     12.9617      6.9800  
    3298.7539     3311.2461  
    95.8806    420.5557   1310.3522   1702.0973     91.1069   1609.9715     52.0359   1328.0000  
   199.5718   3413.0901   2997.3380  
 8
   445.9392    430.9749    447.9346    457.3148    415.1161    372.5806    451.7631    452.7975    508.9375    493.9256    461.8354    448.5780    451.6739    218.6225    197.6412    152.7243    117.7899     63.8861     12.9770      6.9880  
    3298.4500     3311.5500  
    95.9286    420.7343   1310.6128   1702.0585     91.0639   1609.5804     52.0215   1328.0000  
   199.7433   3409.8483   3000.4084  
 9
   446.3637    431.3851    448.3609    457.5891    415.0705    372.3482    451.4575    452.4780    508.5619    493.5547    461.5007    448.3468    451.8052    218.7737    197.7848    152.8346    117.8739     63.9316     12.9862      6.9928  
    3298.2690     3311.7310  
    95.9573    420.8410   1310.7683   1702.0350     91.0382   1609.3472     52.0129   1328.0000  
   199.8460   3407.9077   3002.2464  
10
   446.6182    431.6310    448.6165    457.7535    415.0426    372.2089    451.2745    452.2868    508.3370    493.3327    461.3003    448.2082    451.8834    218.8642    197.8708    152.9007    117.9243     63.9589     12.9917      6.9957  
    3298.1611     3311.8389  
    95.9744    420.9047   1310.8613   1702.0210     91.0229   1609.2079     52.0078   1328.0000  
   199.9075   3406.7446   3003.3478  
11
   446.7708    431.7785    448.7698    457.8520    415.0257    372.1254    451.1647    452.1721    508.2022    493.1996    461.1802    448.1250    451.9301    218.9185    197.9225    152.9404    117.9545     63.9753     12.9950      6.9974  
    3298.0966     3311.9034  
    95.9846    420.9429   1310.9168   1702.0126     91.0137   1609.1247     52.0047   1328.0000  
   199.9445   3406.0471   3004.0084  
12
   446.8624    431.8670    448.8618    457.9112    415.0155    372.0753    451.0989    452.1033    508.1214    493.1198    461.1082    448.0750    451.9581    218.9511    197.9535    152.9642    117.9727     63.9852     12.9970      6.9984  
    3298.0579     3311.9421  
    95.9908    420.9657   1310.9501   1702.0075     91.0082   1609.0748     52.0028   1328.0000  
   199.9667   3405.6286   3004.4047  
13
   446.9174    431.9202    448.9170    457.9467    415.0093    372.0452    451.0594    452.0620    508.0729    493.0719    461.0649    448.0450    451.9748    218.9706    197.9721    152.9785    117.9836     63.9911     12.9982      6.9991  
    3298.0348     3311.9652  
    95.9945    420.9794   1310.9701   1702.0045     91.0049   1609.0449     52.0017   1328.0000  
   199.9800   3405.3774   3004.6426  
14
   446.9504    431.9521    448.9502    457.9680    415.0056    372.0271    451.0356    452.0372    508.0438    493.0432    461.0390    448.0270    451.9849    218.9824    197.9832    152.9871    117.9902     63.9947     12.9989      6.9994  
    3298.0209     3311.9791  
    95.9967    420.9877   1310.9820   1702.0027     91.0030   1609.0269     52.0010   1328.0000  
   199.9880   3405.2266   3004.7854  
15
   446.9702    431.9712    448.9701    457.9808    415.0034    372.0163    451.0214    452.0224    508.0263    493.0259    461.0234    448.0162    451.9909    218.9894    197.9899    152.9923    117.9941     63.9968     12.9994      6.9997  
    3298.0125     3311.9875  
    95.9980    420.9926   1310.9892   1702.0016     91.0018   1609.0162     52.0006   1328.0000  
   199.9928   3405.1361   3004.8712  
16
   446.9821    431.9827    448.9820    457.9885    415.0020    372.0098    451.0129    452.0134    508.0158    493.0156    461.0141    448.0098    451.9946    218.9936    197.9939    152.9953    117.9965     63.9981     12.9996      6.9998  
    3298.0075     3311.9925  
    95.9988    420.9956   1310.9935   1702.0010     91.0011   1609.0097     52.0004   1328.0000  
   199.9957   3405.0817   3004.9226  
17
   446.9893    431.9896    448.9892    457.9931    415.0012    372.0059    451.0077    452.0081    508.0095    493.0093    461.0084    448.0059    451.9967    218.9962    197.9964    152.9972    117.9979     63.9988     12.9998      6.9999  
    3298.0045     3311.9955  
    95.9993    420.9973   1310.9961   1702.0006     91.0006   1609.0058     52.0002   1328.0000  
   199.9974   3405.0491   3004.9535  
18
   446.9936    431.9938    448.9935    457.9958    415.0007    372.0035    451.0046    452.0048    508.0057    493.0056    461.0051    448.0035    451.9980    218.9977    197.9978    152.9983    117.9987     63.9993     12.9999      6.9999  
    3298.0027     3311.9973  
    95.9996    420.9984   1310.9977   1702.0004     91.0004   1609.0035     52.0001   1328.0000  
   199.9984   3405.0295   3004.9721  
19
   446.9961    431.9963    448.9961    457.9975    415.0004    372.0021    451.0028    452.0029    508.0034    493.0034    461.0030    448.0021    451.9988    218.9986    197.9987    152.9990    117.9992     63.9996     12.9999      7.0000  
    3298.0016     3311.9984  
    95.9997    420.9990   1310.9986   1702.0002     91.0002   1609.0021     52.0001   1328.0000  
   199.9991   3405.0177   3004.9832  
20
   446.9977    431.9978    448.9977    457.9985    415.0003    372.0013    451.0017    452.0017    508.0021    493.0020    461.0018    448.0013    451.9993    218.9992    197.9992    152.9994    117.9995     63.9997     12.9999      7.0000  
    3298.0010     3311.9990  
    95.9998    420.9994   1310.9992   1702.0001     91.0001   1609.0013     52.0000   1328.0000  
   199.9994   3405.0106   3004.9899  
21
   446.9986    431.9987    448.9986    457.9991    415.0002    372.0008    451.0010    452.0010    508.0012    493.0012    461.0011    448.0008    451.9996    218.9995    197.9995    152.9996    117.9997     63.9998     13.0000      7.0000  
    3298.0006     3311.9994  
    95.9999    420.9997   1310.9995   1702.0001     91.0001   1609.0008     52.0000   1328.0000  
   199.9997   3405.0064   3004.9940  
22
   446.9992    431.9992    448.9992    457.9995    415.0001    372.0005    451.0006    452.0006    508.0007    493.0007    461.0007    448.0005    451.9997    218.9997    197.9997    152.9998    117.9998     63.9999     13.0000      7.0000  
    3298.0004     3311.9996  
    95.9999    420.9998   1310.9997   1702.0000     91.0001   1609.0005     52.0000   1328.0000  
   199.9998   3405.0038   3004.9964  
23
   446.9995    431.9995    448.9995    457.9997    415.0001    372.0003    451.0004    452.0004    508.0004    493.0004    461.0004    448.0003    451.9998    218.9998    197.9998    152.9999    117.9999     63.9999     13.0000      7.0000  
    3298.0002     3311.9998  
    96.0000    420.9999   1310.9998   1702.0000     91.0000   1609.0003     52.0000   1328.0000  
   199.9999   3405.0023   3004.9978  
24
   446.9997    431.9997    448.9997    457.9998    415.0000    372.0002    451.0002    452.0002    508.0003    493.0003    461.0002    448.0002    451.9999    218.9999    197.9999    152.9999    117.9999     64.0000     13.0000      7.0000  
    3298.0001     3311.9999  
    96.0000    420.9999   1310.9999   1702.0000     91.0000   1609.0002     52.0000   1328.0000  
   199.9999   3405.0014   3004.9987  
25
   446.9998    431.9998    448.9998    457.9999    415.0000    372.0001    451.0001    452.0001    508.0002    493.0002    461.0001    448.0001    451.9999    218.9999    197.9999    153.0000    118.0000     64.0000     13.0000      7.0000  
    3298.0001     3311.9999  
    96.0000    421.0000   1310.9999   1702.0000     91.0000   1609.0001     52.0000   1328.0000  
   200.0000   3405.0008   3004.9992  
26
   446.9999    431.9999    448.9999    457.9999    415.0000    372.0001    451.0001    452.0001    508.0001    493.0001    461.0001    448.0001    452.0000    219.0000    198.0000    153.0000    118.0000     64.0000     13.0000      7.0000  
    3298.0000     3312.0000  
    96.0000    421.0000   1311.0000   1702.0000     91.0000   1609.0001     52.0000   1328.0000  
   200.0000   3405.0005   3004.9995  
27
   446.9999    431.9999    448.9999    458.0000    415.0000    372.0000    451.0000    452.0000    508.0001    493.0001    461.0001    448.0000    452.0000    219.0000    198.0000    153.0000    118.0000     64.0000     13.0000      7.0000  
    3298.0000     3312.0000  
    96.0000    421.0000   1311.0000   1702.0000     91.0000   1609.0000     52.0000   1328.0000  
   200.0000   3405.0003   3004.9997  
28
   447.0000    432.0000    449.0000    458.0000    415.0000    372.0000    451.0000    452.0000    508.0000    493.0000    461.0000    448.0000    452.0000    219.0000    198.0000    153.0000    118.0000     64.0000     13.0000      7.0000  
    3298.0000     3312.0000  
    96.0000    421.0000   1311.0000   1702.0000     91.0000   1609.0000     52.0000   1328.0000  
   200.0000   3405.0002   3004.9998  
29
   447.0000    432.0000    449.0000    458.0000    415.0000    372.0000    451.0000    452.0000    508.0000    493.0000    461.0000    448.0000    452.0000    219.0000    198.0000    153.0000    118.0000     64.0000     13.0000      7.0000  
    3298.0000     3312.0000  
    96.0000    421.0000   1311.0000   1702.0000     91.0000   1609.0000     52.0000   1328.0000  
   200.0000   3405.0001   3004.9999  
30
   447.0000    432.0000    449.0000    458.0000    415.0000    372.0000    451.0000    452.0000    508.0000    493.0000    461.0000    448.0000    452.0000    219.0000    198.0000    153.0000    118.0000     64.0000     13.0000      7.0000  
    3298.0000     3312.0000  
    96.0000    421.0000   1311.0000   1702.0000     91.0000   1609.0000     52.0000   1328.0000  
   200.0000   3405.0001   3004.9999  
31
   447.0000    432.0000    449.0000    458.0000    415.0000    372.0000    451.0000    452.0000    508.0000    493.0000    461.0000    448.0000    452.0000    219.0000    198.0000    153.0000    118.0000     64.0000     13.0000      7.0000  
    3298.0000     3312.0000  
    96.0000    421.0000   1311.0000   1702.0000     91.0000   1609.0000     52.0000   1328.0000  
   200.0000   3405.0000   3005.0000  
32
   447.0000    432.0000    449.0000    458.0000    415.0000    372.0000    451.0000    452.0000    508.0000    493.0000    461.0000    448.0000    452.0000    219.0000    198.0000    153.0000    118.0000     64.0000     13.0000      7.0000  
    3298.0000     3312.0000  
    96.0000    421.0000   1311.0000   1702.0000     91.0000   1609.0000     52.0000   1328.0000  
   200.0000   3405.0000   3005.0000  
33
   447.0000    432.0000    449.0000    458.0000    415.0000    372.0000    451.0000    452.0000    508.0000    493.0000    461.0000    448.0000    452.0000    219.0000    198.0000    153.0000    118.0000     64.0000     13.0000      7.0000  
    3298.0000     3312.0000  
    96.0000    421.0000   1311.0000   1702.0000     91.0000   1609.0000     52.0000   1328.0000  
   200.0000   3405.0000   3005.0000  
34
   447.0000    432.0000    449.0000    458.0000    415.0000    372.0000    451.0000    452.0000    508.0000    493.0000    461.0000    448.0000    452.0000    219.0000    198.0000    153.0000    118.0000     64.0000     13.0000      7.0000  
    3298.0000     3312.0000  
    96.0000    421.0000   1311.0000   1702.0000     91.0000   1609.0000     52.0000   1328.0000  
   200.0000   3405.0000   3005.0000  
35
   447.0000    432.0000    449.0000    458.0000    415.0000    372.0000    451.0000    452.0000    508.0000    493.0000    461.0000    448.0000    452.0000    219.0000    198.0000    153.0000    118.0000     64.0000     13.0000      7.0000  
    3298.0000     3312.0000  
    96.0000    421.0000   1311.0000   1702.0000     91.0000   1609.0000     52.0000   1328.0000  
   200.0000   3405.0000   3005.0000  
36
   447.0000    432.0000    449.0000    458.0000    415.0000    372.0000    451.0000    452.0000    508.0000    493.0000    461.0000    448.0000    452.0000    219.0000    198.0000    153.0000    118.0000     64.0000     13.0000      7.0000  
    3298.0000     3312.0000  
    96.0000    421.0000   1311.0000   1702.0000     91.0000   1609.0000     52.0000   1328.0000  
   200.0000   3405.0000   3005.0000  
37
   447.0000    432.0000    449.0000    458.0000    415.0000    372.0000    451.0000    452.0000    508.0000    493.0000    461.0000    448.0000    452.0000    219.0000    198.0000    153.0000    118.0000     64.0000     13.0000      7.0000  
    3298.0000     3312.0000  
    96.0000    421.0000   1311.0000   1702.0000     91.0000   1609.0000     52.0000   1328.0000  
   200.0000   3405.0000   3005.0000  
38
   447.0000    432.0000    449.0000    458.0000    415.0000    372.0000    451.0000    452.0000    508.0000    493.0000    461.0000    448.0000    452.0000    219.0000    198.0000    153.0000    118.0000     64.0000     13.0000      7.0000  
    3298.0000     3312.0000  
    96.0000    421.0000   1311.0000   1702.0000     91.0000   1609.0000     52.0000   1328.0000  
   200.0000   3405.0000   3005.0000  
39
   447.0000    432.0000    449.0000    458.0000    415.0000    372.0000    451.0000    452.0000    508.0000    493.0000    461.0000    448.0000    452.0000    219.0000    198.0000    153.0000    118.0000     64.0000     13.0000      7.0000  
    3298.0000     3312.0000  
    96.0000    421.0000   1311.0000   1702.0000     91.0000   1609.0000     52.0000   1328.0000  
   200.0000   3405.0000   3005.0000  
