0
   520.2062    489.7750    496.0606    523.0333    549.8744    561.7977    580.4152    597.0933    638.0666    670.1709    632.6065    569.0449    527.5541    389.2221    363.3307    325.3171    246.7275    145.9911     42.5895     12.1231  
 5370234.0000  5581032.0000  
   216.3399    910.2809   1849.1360   2102.8250    222.0634   1837.1090     42.2459   1701.0000  
   317.8957   4912.6478   3650.4565  
 1
   556.2267    540.1050    617.6987    594.8137    495.0205    504.8180    572.7746    649.6253    709.8614    659.2396    624.0368    560.2925    544.9208    341.7018    312.7731    222.1206    202.6110    132.4387     30.9233      8.9980  
    4406.1992     4474.8008  
   181.3971    747.8237   1857.0787   2097.7189    130.9933   2118.3123     46.6760   1701.0000  
   308.9629   4993.2094   3578.8277  
 2
   547.3514    531.4859    607.8366    591.5317    503.4861    502.1420    563.3613    640.0503    701.0116    653.9040    624.9261    563.0647    546.1126    346.2468    324.0776    233.9877    215.9319    141.5855     33.1677      9.7385  
    4385.3568     4495.6432  
   175.6490    725.9392   1843.4083   2110.7578    132.7332   2144.4482     47.0642   1701.0000  
   310.8367   4987.0151   3583.1482  
 3
   548.0091    532.1248    608.5684    594.8309    500.9643    498.5171    559.2370    635.8309    697.2117    651.5442    623.8471    563.0948    547.9909    348.5384    327.3655    236.9640    219.0507    143.7093     33.6929      9.9080  
    4389.9271     4491.0729  
   174.8067    722.5038   1839.6660   2113.5731    133.1735   2149.2244     47.0525   1701.0000  
   312.2549   4974.3482   3594.3969  
 4
   549.4037    533.4790    610.1171    596.8155    500.2978    496.8618    557.2806    633.6707    694.9957    649.7512    622.4481    562.4180    548.9037    349.6377    328.6384    238.0002    220.0733    144.3914     33.8574      9.9586  
    4390.1196     4490.8804  
   174.7691    722.2360   1839.1800   2114.0849    133.1776   2149.5165     47.0359   1701.0000  
   313.0191   4965.0005   3602.9804  
 5
   550.4398    534.4851    611.2676    597.8192    500.1127    496.0275    556.2668    632.5019    693.7144    648.6088    621.4588    561.8644    549.3868    350.2306    329.2533    238.4650    220.5120    144.6807     33.9258      9.9788  
    4389.7655     4491.2345  
   174.8404    722.4525   1839.3721   2114.1271    133.1202   2149.0656     47.0221   1701.0000  
   313.4435   4959.1563   3608.4002  
 6
   551.0899    535.1163    611.9895    598.3436    500.0513    495.5782    555.7148    631.8519    692.9799    647.9279    620.8479    561.5072    549.6532    350.5625    329.5806    238.7028    220.7308    144.8241     33.9593      9.9885  
    4389.4658     4491.5342  
   174.9023    722.6610   1839.6023   2114.0915    133.0732   2148.6567     47.0131   1701.0000  
   313.6829   4955.6979   3611.6192  
 7
   551.4754    535.4906    612.4175    598.6295    500.0263    495.3283    555.4062    631.4853    692.5599    647.5323    620.4879    561.2931    549.8028    350.7505    329.7621    238.8321    220.8484    144.9010     33.9771      9.9935  
    4389.2727     4491.7273  
   174.9426    722.8001   1839.7634   2114.0568    133.0429   2148.3866     47.0076   1701.0000  
   313.8190   4953.6936   3613.4874  
 8
   551.6991    535.7078    612.6659    598.7894    500.0144    495.1871    555.2316    631.2770    692.3200    647.3047    620.2797    561.1683    549.8876    350.8575    329.8644    238.9045    220.9139    144.9438     33.9870      9.9963  
    4389.1574     4491.8426  
   174.9668    722.8843   1839.8626   2114.0335    133.0248   2148.2236     47.0044   1701.0000  
   313.8966   4952.5417   3614.5617  
 9
   551.8277    535.8327    612.8087    598.8799    500.0081    495.1069    555.1323    631.1582    692.1829    647.1743    620.1600    561.0964    549.9358    350.9186    329.9226    238.9455    220.9509    144.9680     33.9926      9.9979  
    4389.0903     4491.9097  
   174.9810    722.9335   1839.9209   2114.0194    133.0142   2148.1284     47.0025   1701.0000  
   313.9409   4951.8817   3615.1773  
10
   551.9015    535.9043    612.8906    598.9314    500.0046    495.0611    555.0756    631.0904    692.1046    647.0996    620.0915    561.0552    549.9633    350.9535    329.9558    238.9689    220.9720    144.9817     33.9958      9.9988  
    4389.0517     4491.9483  
   174.9891    722.9619   1839.9547   2114.0112    133.0081   2148.0736     47.0014   1701.0000  
   313.9662   4951.5042   3615.5296  
11
   551.9437    535.9453    612.9374    598.9608    500.0026    495.0349    555.0432    631.0517    692.0598    647.0570    620.0523    561.0315    549.9790    350.9734    329.9747    238.9822    220.9840    144.9895     33.9976      9.9993  
    4389.0296     4491.9704  
   174.9938    722.9782   1839.9741   2114.0064    133.0047   2148.0421     47.0008   1701.0000  
   313.9807   4951.2883   3615.7310  
12
   551.9678    535.9687    612.9642    598.9776    500.0015    495.0200    555.0247    631.0296    692.0342    647.0326    620.0299    561.0180    549.9880    350.9848    329.9855    238.9898    220.9908    144.9940     33.9986      9.9996  
    4389.0169     4491.9831  
   174.9964    722.9875   1839.9852   2114.0037    133.0027   2148.0241     47.0005   1701.0000  
   313.9890   4951.1648   3615.8462  
13
   551.9816    535.9821    612.9795    598.9872    500.0009    495.0114    555.0141    631.0169    692.0195    647.0186    620.0171    561.0103    549.9932    350.9913    329.9917    238.9942    220.9948    144.9966     33.9992      9.9998  
    4389.0097     4491.9903  
   174.9980    722.9929   1839.9915   2114.0021    133.0015   2148.0138     47.0003   1701.0000  
   313.9937   4951.0942   3615.9121  
14
   551.9895    535.9898    612.9883    598.9927    500.0005    495.0065    555.0081    631.0097    692.0112    647.0106    620.0098    561.0059    549.9961    350.9950    329.9953    238.9967    220.9970    144.9980     33.9995      9.9999  
    4389.0055     4491.9945  
   174.9988    722.9959   1839.9952   2114.0012    133.0009   2148.0079     47.0002   1701.0000  
   313.9964   4951.0539   3615.9497  
15
   551.9940    535.9942    612.9933    598.9958    500.0003    495.0037    555.0046    631.0055    692.0064    647.0061    620.0056    561.0034    549.9978    350.9972    329.9973    238.9981    220.9983    144.9989     33.9997      9.9999  
    4389.0032     4491.9968  
   174.9993    722.9977   1839.9972   2114.0007    133.0005   2148.0045     47.0001   1701.0000  
   313.9979   4951.0308   3615.9713  
16
   551.9966    535.9967    612.9962    598.9976    500.0002    495.0021    555.0026    631.0032    692.0037    647.0035    620.0032    561.0019    549.9987    350.9984    329.9985    238.9989    220.9990    144.9994     33.9999     10.0000  
    4389.0018     4491.9982  
   174.9996    722.9987   1839.9984   2114.0004    133.0003   2148.0026     47.0000   1701.0000  
   313.9988   4951.0176   3615.9836  
17
   551.9980    535.9981    612.9978    598.9986    500.0001    495.0012    555.0015    631.0018    692.0021    647.0020    620.0018    561.0011    549.9993    350.9991    329.9991    238.9994    220.9994    144.9996     33.9999     10.0000  
    4389.0010     4491.9990  
   174.9998    722.9992   1839.9991   2114.0002    133.0002   2148.0015     47.0000   1701.0000  
   313.9993   4951.0101   3615.9906  
18
   551.9989    535.9989    612.9988    598.9992    500.0001    495.0007    555.0009    631.0010    692.0012    647.0011    620.0010    561.0006    549.9996    350.9995    329.9995    238.9996    220.9997    144.9998     34.0000     10.0000  
    4389.0006     4491.9994  
   174.9999    722.9996   1839.9995   2114.0001    133.0001   2148.0008     47.0000   1701.0000  
   313.9996   4951.0058   3615.9946  
19
   551.9994    535.9994    612.9993    598.9996    500.0000    495.0004    555.0005    631.0006    692.0007    647.0007    620.0006    561.0004    549.9998    350.9997    329.9997    238.9998    220.9998    144.9999     34.0000     10.0000  
    4389.0003     4491.9997  
   174.9999    722.9998   1839.9997   2114.0001    133.0001   2148.0005     47.0000   1701.0000  
   313.9998   4951.0033   3615.9969  
20
   551.9996    535.9996    612.9996    598.9997    500.0000    495.0002    555.0003    631.0003    692.0004    647.0004    620.0003    561.0002    549.9999    350.9998    329.9998    238.9999    220.9999    144.9999     34.0000     10.0000  
    4389.0002     4491.9998  
   175.0000    722.9999   1839.9998   2114.0000    133.0000   2148.0003     47.0000   1701.0000  
   313.9999   4951.0019   3615.9982  
21
   551.9998    535.9998    612.9998    598.9999    500.0000    495.0001    555.0002    631.0002    692.0002    647.0002    620.0002    561.0001    549.9999    350.9999    329.9999    238.9999    220.9999    145.0000     34.0000     10.0000  
    4389.0001     4491.9999  
   175.0000    722.9999   1839.9999   2114.0000    133.0000   2148.0002     47.0000   1701.0000  
   313.9999   4951.0011   3615.9990  
22
   551.9999    535.9999    612.9999    598.9999    500.0000    495.0001    555.0001    631.0001    692.0001    647.0001    620.0001    561.0001    550.0000    350.9999    329.9999    239.0000    221.0000    145.0000     34.0000     10.0000  
    4389.0001     4491.9999  
   175.0000    723.0000   1839.9999   2114.0000    133.0000   2148.0001     47.0000   1701.0000  
   314.0000   4951.0006   3615.9994  
23
   551.9999    535.9999    612.9999    599.0000    500.0000    495.0000    555.0001    631.0001    692.0001    647.0001    620.0001    561.0000    550.0000    351.0000    330.0000    239.0000    221.0000    145.0000     34.0000     10.0000  
    4389.0000     4492.0000  
   175.0000    723.0000   1840.0000   2114.0000    133.0000   2148.0001     47.0000   1701.0000  
   314.0000   4951.0004   3615.9997  
24
   552.0000    536.0000    613.0000    599.0000    500.0000    495.0000    555.0000    631.0000    692.0000    647.0000    620.0000    561.0000    550.0000    351.0000    330.0000    239.0000    221.0000    145.0000     34.0000     10.0000  
    4389.0000     4492.0000  
   175.0000    723.0000   1840.0000   2114.0000    133.0000   2148.0000     47.0000   1701.0000  
   314.0000   4951.0002   3615.9998  
25
   552.0000    536.0000    613.0000    599.0000    500.0000    495.0000    555.0000    631.0000    692.0000    647.0000    620.0000    561.0000    550.0000    351.0000    330.0000    239.0000    221.0000    145.0000     34.0000     10.0000  
    4389.0000     4492.0000  
   175.0000    723.0000   1840.0000   2114.0000    133.0000   2148.0000     47.0000   1701.0000  
   314.0000   4951.0001   3615.9999  
26
   552.0000    536.0000    613.0000    599.0000    500.0000    495.0000    555.0000    631.0000    692.0000    647.0000    620.0000    561.0000    550.0000    351.0000    330.0000    239.0000    221.0000    145.0000     34.0000     10.0000  
    4389.0000     4492.0000  
   175.0000    723.0000   1840.0000   2114.0000    133.0000   2148.0000     47.0000   1701.0000  
   314.0000   4951.0001   3615.9999  
27
   552.0000    536.0000    613.0000    599.0000    500.0000    495.0000    555.0000    631.0000    692.0000    647.0000    620.0000    561.0000    550.0000    351.0000    330.0000    239.0000    221.0000    145.0000     34.0000     10.0000  
    4389.0000     4492.0000  
   175.0000    723.0000   1840.0000   2114.0000    133.0000   2148.0000     47.0000   1701.0000  
   314.0000   4951.0000   3616.0000  
28
   552.0000    536.0000    613.0000    599.0000    500.0000    495.0000    555.0000    631.0000    692.0000    647.0000    620.0000    561.0000    550.0000    351.0000    330.0000    239.0000    221.0000    145.0000     34.0000     10.0000  
    4389.0000     4492.0000  
   175.0000    723.0000   1840.0000   2114.0000    133.0000   2148.0000     47.0000   1701.0000  
   314.0000   4951.0000   3616.0000  
29
   552.0000    536.0000    613.0000    599.0000    500.0000    495.0000    555.0000    631.0000    692.0000    647.0000    620.0000    561.0000    550.0000    351.0000    330.0000    239.0000    221.0000    145.0000     34.0000     10.0000  
    4389.0000     4492.0000  
   175.0000    723.0000   1840.0000   2114.0000    133.0000   2148.0000     47.0000   1701.0000  
   314.0000   4951.0000   3616.0000  
30
   552.0000    536.0000    613.0000    599.0000    500.0000    495.0000    555.0000    631.0000    692.0000    647.0000    620.0000    561.0000    550.0000    351.0000    330.0000    239.0000    221.0000    145.0000     34.0000     10.0000  
    4389.0000     4492.0000  
   175.0000    723.0000   1840.0000   2114.0000    133.0000   2148.0000     47.0000   1701.0000  
   314.0000   4951.0000   3616.0000  
31
   552.0000    536.0000    613.0000    599.0000    500.0000    495.0000    555.0000    631.0000    692.0000    647.0000    620.0000    561.0000    550.0000    351.0000    330.0000    239.0000    221.0000    145.0000     34.0000     10.0000  
    4389.0000     4492.0000  
   175.0000    723.0000   1840.0000   2114.0000    133.0000   2148.0000     47.0000   1701.0000  
   314.0000   4951.0000   3616.0000  
32
   552.0000    536.0000    613.0000    599.0000    500.0000    495.0000    555.0000    631.0000    692.0000    647.0000    620.0000    561.0000    550.0000    351.0000    330.0000    239.0000    221.0000    145.0000     34.0000     10.0000  
    4389.0000     4492.0000  
   175.0000    723.0000   1840.0000   2114.0000    133.0000   2148.0000     47.0000   1701.0000  
   314.0000   4951.0000   3616.0000  
33
   552.0000    536.0000    613.0000    599.0000    500.0000    495.0000    555.0000    631.0000    692.0000    647.0000    620.0000    561.0000    550.0000    351.0000    330.0000    239.0000    221.0000    145.0000     34.0000     10.0000  
    4389.0000     4492.0000  
   175.0000    723.0000   1840.0000   2114.0000    133.0000   2148.0000     47.0000   1701.0000  
   314.0000   4951.0000   3616.0000  
34
   552.0000    536.0000    613.0000    599.0000    500.0000    495.0000    555.0000    631.0000    692.0000    647.0000    620.0000    561.0000    550.0000    351.0000    330.0000    239.0000    221.0000    145.0000     34.0000     10.0000  
    4389.0000     4492.0000  
   175.0000    723.0000   1840.0000   2114.0000    133.0000   2148.0000     47.0000   1701.0000  
   314.0000   4951.0000   3616.0000  
