                    0   10943134.000000007     
                    1   184.53559060518631     
                    2   105.31156748408787     
                    3   62.311581614009661     
                    4   37.062860239612306     
                    5   22.110671258631228     
                    6   13.227964959047936     
                    7   7.9317990177649698     
                    8   4.7638311919782739     
                    9   2.8642709826052153     
                   10   1.7233660215187518     
                   11   1.0373696021385670     
                   12  0.62461037772880612     
                   13  0.37614780939882841     
                   14  0.22654418429711920     
                   15  0.13645036843996478     
                   16   8.2188895065062967E-002
                   17   4.9506433746327121E-002
                   18   2.9820590009660714E-002
                   19   1.7962819181584128E-002
                   20   1.0820192403341459E-002
                   21   6.5177366221879935E-003
                   22   3.9260826459811132E-003
                   23   2.3649532156016268E-003
                   24   1.4245771176052836E-003
                   25   8.5812301592647230E-004
                   26   5.1690798657937672E-004
                   27   3.1137016779465160E-004
                   28   1.8756024650773613E-004
                   29   1.1298079273917090E-004
                   30   6.8056318410404963E-005
                   31   4.0995132194740339E-005
                   32   2.4694265367615703E-005
                   33   1.4875102319184181E-005
                   34   8.9603266012090992E-006
                   35   5.3974394367322038E-006
                   36   3.2512594525122224E-006
                   37   1.9584623483812980E-006
                   38   1.1797214533757969E-006
                   39   7.1062853244333469E-007
