                    0   10948380.999999998     
                    1   70.541725511134118     
                    2   11.240614790880388     
                    3   3.7269495630717979     
                    4   1.5248373032718527     
                    5  0.72807800588516614     
                    6  0.38039110245510849     
                    7  0.20782236136954527     
                    8  0.11572902596030958     
                    9   6.5005529731283346E-002
                   10   3.6647724392234141E-002
                   11   2.0694334182600787E-002
                   12   1.1694650888173081E-002
                   13   6.6110785576840329E-003
                   14   3.7378909897744731E-003
                   15   2.1135535662606410E-003
                   16   1.1951288983753610E-003
                   17   6.7580759918012766E-004
                   18   3.8215065099879973E-004
                   19   2.1609645924240971E-004
                   20   1.2219724494705339E-004
                   21   6.9099597107691725E-005
                   22   3.9074172370482266E-005
                   23   2.2095515336159242E-005
                   24   1.2494489263823729E-005
                   25   7.0653375462405798E-006
                   26   3.9952810080711739E-006
                   27   2.2592371477221071E-006
                   28   1.2775449330864019E-006
                   29   7.2242113591929351E-007
