0
   162.5804    153.0700    155.0353    163.4654    171.8640    175.5943    181.4090    186.6175    199.4209    209.4581    197.7231    177.8616    164.8988    121.6715    113.5949    101.7323     77.1821     45.6882     13.3346      3.7979  
 5370234.0000  5581032.0000  
    91.3055    371.4314    642.6616    643.5204     58.8941    542.3928     13.7942    412.0000  
    93.9411   1766.5889    915.4700  
 1
   100.0167    139.6264    168.3401    203.3567    135.3335     85.0214     90.1514    132.0315    169.7064    206.7769    237.2028    199.9662    192.5277    173.6009    167.3178    161.3450    118.2895     73.3999     16.4617      5.5276  
    1347.4339     1428.5661  
   103.8836    443.6951    707.1714    666.1193     43.9974    388.0720     11.0613    412.0000  
   152.0345   1710.6651    913.3004  
 2
   103.2014    144.0733    173.7056    192.1820    138.0296     90.6136     96.2822    139.7878    175.7969    209.5360    233.0044    194.0755    193.3718    173.3396    162.9285    154.0839    111.8354     69.4080     15.5534      5.1912  
    1367.6922     1408.3078  
   108.9023    451.9428    715.4704    653.5978     42.0264    381.1132     10.9471    412.0000  
   149.8772   1721.5176    904.6052  
 3
   102.5566    143.1730    172.6198    190.3241    140.1372     92.3762     98.1718    142.3161    178.5998    212.1292    235.0907    194.9813    192.3288    171.3322    160.3919    151.3395    109.7277     68.0790     15.2435      5.0815  
    1366.3120     1409.6880  
   109.3515    453.8482    716.4247    651.6760     41.8066    379.9338     10.9591    412.0000  
   148.0814   1732.3478    895.5708  
 4
   101.9153    142.2777    171.5404    189.2920    140.7133     93.1870     99.0679    143.5982    180.1712    213.8428    236.7590    195.8338    191.7312    170.2403    159.2054    150.1398    108.8236     67.5103     15.1137      5.0372  
    1366.3493     1409.6507  
   109.2872    453.8333    716.3930    651.5318     41.8462    380.1336     10.9748    412.0000  
   147.1036   1739.3306    889.5658  
 5
   101.5052    141.7052    170.8502    188.6985    140.8947     93.5845     99.5187    144.2670    181.0295    214.8359    237.7753    196.3615    191.3934    169.6544    158.6181    149.5734    108.4088     67.2520     15.0557      5.0180  
    1366.5782     1409.4218  
   109.1780    453.5405    716.2506    651.6756     41.9055    380.4640     10.9859    412.0000  
   146.5812   1743.3376    886.0813  
 6
   101.2711    141.3785    170.4563    188.3714    140.9571     93.7854     99.7500    144.6168    181.4888    215.3817    238.3455    196.6586    191.2088    169.3437    158.3199    149.2937    108.2079     67.1278     15.0281      5.0090  
    1366.7571     1409.2429  
   109.1005    453.3106    716.1432    651.8091     41.9468    380.6975     10.9924    412.0000  
   146.3049   1745.5281    884.1670  
 7
   101.1436    141.2004    170.2416    188.1958    140.9809     93.8885     99.8698    144.7997    181.7318    215.6742    238.6541    196.8196    191.1100    169.1801    158.1663    149.1519    108.1071     67.0657     15.0144      5.0046  
    1366.8670     1409.1330  
   109.0545    453.1699    716.0781    651.8945     41.9712    380.8359     10.9959    412.0000  
   146.1596   1746.6988    883.1415  
 8
   101.0755    141.1055    170.1271    188.1028    140.9909     93.9419     99.9321    144.8953    181.8595    215.8290    238.8182    196.9052    191.0577    169.0942    158.0867    149.0789    108.0555     67.0341     15.0075      5.0024  
    1366.9288     1409.0712  
   109.0290    453.0908    716.0417    651.9433     41.9847    380.9126     10.9979    412.0000  
   146.0835   1747.3175    882.5990  
 9
   101.0396    141.0553    170.0667    188.0538    140.9955     93.9697     99.9645    144.9453    181.9265    215.9105    238.9047    196.9503    191.0302    169.0493    158.0452    149.0411    108.0289     67.0177     15.0039      5.0012  
    1366.9624     1409.0376  
   109.0153    453.0480    716.0220    651.9700     41.9919    380.9539     10.9989    412.0000  
   146.0437   1747.6427    882.3136  
10
   101.0207    141.0289    170.0349    188.0281    140.9977     93.9842     99.9815    144.9714    181.9616    215.9532    238.9501    196.9740    191.0158    169.0258    158.0236    149.0215    108.0151     67.0092     15.0020      5.0006  
    1366.9802     1409.0198  
   109.0080    453.0252    716.0116    651.9842     41.9958    380.9758     10.9994    412.0000  
   146.0228   1747.8131    882.1640  
11
   101.0108    141.0151    170.0182    188.0147    140.9988     93.9917     99.9903    144.9851    181.9799    215.9755    238.9739    196.9864    191.0083    169.0135    158.0123    149.0112    108.0079     67.0048     15.0011      5.0003  
    1366.9896     1409.0104  
   109.0042    453.0132    716.0061    651.9917     41.9978    380.9873     10.9997    412.0000  
   146.0119   1747.9023    882.0858  
12
   101.0057    141.0079    170.0095    188.0077    140.9994     93.9957     99.9949    144.9922    181.9895    215.9872    238.9864    196.9929    191.0043    169.0070    158.0064    149.0059    108.0041     67.0025     15.0006      5.0002  
    1366.9946     1409.0054  
   109.0022    453.0069    716.0032    651.9957     41.9988    380.9934     10.9998    412.0000  
   146.0062   1747.9489    882.0448  
13
   101.0030    141.0041    170.0050    188.0040    140.9997     93.9977     99.9974    144.9959    181.9945    215.9933    238.9929    196.9963    191.0023    169.0037    158.0034    149.0031    108.0021     67.0013     15.0003      5.0001  
    1366.9972     1409.0028  
   109.0012    453.0036    716.0017    651.9977     41.9994    380.9965     10.9999    412.0000  
   146.0033   1747.9733    882.0234  
14
   101.0015    141.0022    170.0026    188.0021    140.9998     93.9988     99.9986    144.9979    181.9971    215.9965    238.9963    196.9981    191.0012    169.0019    158.0018    149.0016    108.0011     67.0007     15.0002      5.0000  
    1366.9985     1409.0015  
   109.0006    453.0019    716.0009    651.9988     41.9997    380.9982     11.0000    412.0000  
   146.0017   1747.9861    882.0122  
15
   101.0008    141.0011    170.0014    188.0011    140.9999     93.9994     99.9993    144.9989    181.9985    215.9982    238.9981    196.9990    191.0006    169.0010    158.0009    149.0008    108.0006     67.0004     15.0001      5.0000  
    1366.9992     1409.0008  
   109.0003    453.0010    716.0005    651.9994     41.9998    380.9991     11.0000    412.0000  
   146.0009   1747.9927    882.0064  
16
   101.0004    141.0006    170.0007    188.0006    141.0000     93.9997     99.9996    144.9994    181.9992    215.9990    238.9990    196.9995    191.0003    169.0005    158.0005    149.0004    108.0003     67.0002     15.0000      5.0000  
    1366.9996     1409.0004  
   109.0002    453.0005    716.0002    651.9997     41.9999    380.9995     11.0000    412.0000  
   146.0005   1747.9962    882.0033  
17
   101.0002    141.0003    170.0004    188.0003    141.0000     93.9998     99.9998    144.9997    181.9996    215.9995    238.9995    196.9997    191.0002    169.0003    158.0003    149.0002    108.0002     67.0001     15.0000      5.0000  
    1366.9998     1409.0002  
   109.0001    453.0003    716.0001    651.9998     42.0000    380.9997     11.0000    412.0000  
   146.0002   1747.9980    882.0017  
18
   101.0001    141.0002    170.0002    188.0002    141.0000     93.9999     99.9999    144.9998    181.9998    215.9997    238.9997    196.9999    191.0001    169.0001    158.0001    149.0001    108.0001     67.0001     15.0000      5.0000  
    1366.9999     1409.0001  
   109.0000    453.0001    716.0001    651.9999     42.0000    380.9999     11.0000    412.0000  
   146.0001   1747.9990    882.0009  
19
   101.0001    141.0001    170.0001    188.0001    141.0000     94.0000     99.9999    144.9999    181.9999    215.9999    238.9999    196.9999    191.0000    169.0001    158.0001    149.0001    108.0000     67.0000     15.0000      5.0000  
    1366.9999     1409.0001  
   109.0000    453.0001    716.0000    652.0000     42.0000    380.9999     11.0000    412.0000  
   146.0001   1747.9995    882.0005  
20
   101.0000    141.0000    170.0001    188.0000    141.0000     94.0000    100.0000    145.0000    181.9999    215.9999    238.9999    197.0000    191.0000    169.0000    158.0000    149.0000    108.0000     67.0000     15.0000      5.0000  
    1367.0000     1409.0000  
   109.0000    453.0000    716.0000    652.0000     42.0000    381.0000     11.0000    412.0000  
   146.0000   1747.9997    882.0002  
21
   101.0000    141.0000    170.0000    188.0000    141.0000     94.0000    100.0000    145.0000    182.0000    216.0000    239.0000    197.0000    191.0000    169.0000    158.0000    149.0000    108.0000     67.0000     15.0000      5.0000  
    1367.0000     1409.0000  
   109.0000    453.0000    716.0000    652.0000     42.0000    381.0000     11.0000    412.0000  
   146.0000   1747.9999    882.0001  
22
   101.0000    141.0000    170.0000    188.0000    141.0000     94.0000    100.0000    145.0000    182.0000    216.0000    239.0000    197.0000    191.0000    169.0000    158.0000    149.0000    108.0000     67.0000     15.0000      5.0000  
    1367.0000     1409.0000  
   109.0000    453.0000    716.0000    652.0000     42.0000    381.0000     11.0000    412.0000  
   146.0000   1747.9999    882.0001  
23
   101.0000    141.0000    170.0000    188.0000    141.0000     94.0000    100.0000    145.0000    182.0000    216.0000    239.0000    197.0000    191.0000    169.0000    158.0000    149.0000    108.0000     67.0000     15.0000      5.0000  
    1367.0000     1409.0000  
   109.0000    453.0000    716.0000    652.0000     42.0000    381.0000     11.0000    412.0000  
   146.0000   1748.0000    882.0000  
24
   101.0000    141.0000    170.0000    188.0000    141.0000     94.0000    100.0000    145.0000    182.0000    216.0000    239.0000    197.0000    191.0000    169.0000    158.0000    149.0000    108.0000     67.0000     15.0000      5.0000  
    1367.0000     1409.0000  
   109.0000    453.0000    716.0000    652.0000     42.0000    381.0000     11.0000    412.0000  
   146.0000   1748.0000    882.0000  
25
   101.0000    141.0000    170.0000    188.0000    141.0000     94.0000    100.0000    145.0000    182.0000    216.0000    239.0000    197.0000    191.0000    169.0000    158.0000    149.0000    108.0000     67.0000     15.0000      5.0000  
    1367.0000     1409.0000  
   109.0000    453.0000    716.0000    652.0000     42.0000    381.0000     11.0000    412.0000  
   146.0000   1748.0000    882.0000  
26
   101.0000    141.0000    170.0000    188.0000    141.0000     94.0000    100.0000    145.0000    182.0000    216.0000    239.0000    197.0000    191.0000    169.0000    158.0000    149.0000    108.0000     67.0000     15.0000      5.0000  
    1367.0000     1409.0000  
   109.0000    453.0000    716.0000    652.0000     42.0000    381.0000     11.0000    412.0000  
   146.0000   1748.0000    882.0000  
27
   101.0000    141.0000    170.0000    188.0000    141.0000     94.0000    100.0000    145.0000    182.0000    216.0000    239.0000    197.0000    191.0000    169.0000    158.0000    149.0000    108.0000     67.0000     15.0000      5.0000  
    1367.0000     1409.0000  
   109.0000    453.0000    716.0000    652.0000     42.0000    381.0000     11.0000    412.0000  
   146.0000   1748.0000    882.0000  
28
   101.0000    141.0000    170.0000    188.0000    141.0000     94.0000    100.0000    145.0000    182.0000    216.0000    239.0000    197.0000    191.0000    169.0000    158.0000    149.0000    108.0000     67.0000     15.0000      5.0000  
    1367.0000     1409.0000  
   109.0000    453.0000    716.0000    652.0000     42.0000    381.0000     11.0000    412.0000  
   146.0000   1748.0000    882.0000  
29
   101.0000    141.0000    170.0000    188.0000    141.0000     94.0000    100.0000    145.0000    182.0000    216.0000    239.0000    197.0000    191.0000    169.0000    158.0000    149.0000    108.0000     67.0000     15.0000      5.0000  
    1367.0000     1409.0000  
   109.0000    453.0000    716.0000    652.0000     42.0000    381.0000     11.0000    412.0000  
   146.0000   1748.0000    882.0000  
30
   101.0000    141.0000    170.0000    188.0000    141.0000     94.0000    100.0000    145.0000    182.0000    216.0000    239.0000    197.0000    191.0000    169.0000    158.0000    149.0000    108.0000     67.0000     15.0000      5.0000  
    1367.0000     1409.0000  
   109.0000    453.0000    716.0000    652.0000     42.0000    381.0000     11.0000    412.0000  
   146.0000   1748.0000    882.0000  
