0
   266.8822    251.2704    254.4968    268.3352    282.1238    288.2482    297.7924    306.3416    327.3585    343.8356    324.5732    291.9704    270.6924    199.7343    186.4795    167.0102    126.7126     75.0120     21.8942      6.2364  
 5370234.0000  5581032.0000  
   121.0996    511.5543    973.4973   1095.2620    116.4755    943.4025     21.7089    774.0000  
   169.5614   2623.1366   1764.3021  
 1
   260.3918    249.8231    233.4907    314.5357    309.4492    261.4921    265.4494    277.4907    342.8834    367.2830    341.0606    299.7228    283.2627    179.6084    163.9293    145.5999    126.5369     99.5114     24.2892     11.1898  
    2256.5630     2300.4370  
   139.8876    437.4217   1055.6747   1243.7431     94.7606    792.2704     19.2420    774.0000  
   192.1120   2569.3102   1795.5778  
 2
   265.8997    255.1068    238.4270    294.6107    303.4029    265.2113    267.4587    277.8968    338.2933    359.9909    333.3724    294.1881    286.0003    184.2424    169.2325    150.4777    131.7195    104.1461     25.5388     11.7839  
    2244.1231     2312.8769  
   139.3227    433.3200   1068.7445   1243.2849     93.7028    785.5358     19.0894    774.0000  
   193.8228   2547.6623   1815.5149  
 3
   268.1589    257.2743    240.4527    294.1189    303.2651    263.8854    266.0717    276.2781    335.9616    357.2434    330.8928    292.7050    286.9115    185.5485    170.6237    151.7882    132.9479    105.1663     25.7971     11.9087  
    2244.2038     2312.7962  
   139.5386    433.8226   1070.7521   1242.7133     93.3708    783.7614     19.0412    774.0000  
   194.7730   2535.9669   1826.2601  
 4
   269.3975    258.4626    241.5632    294.8331    303.1645    263.0729    265.1824    275.2943    334.6695    355.8169    329.6188    291.9569    287.3948    186.1897    171.2381    152.3328    133.4247    105.5463     25.8901     11.9510  
    2243.7530     2313.2470  
   139.7345    434.3208   1071.3578   1242.3958     93.2053    782.9635     19.0223    774.0000  
   195.3052   2529.4569   1832.2379  
 5
   270.0922    259.1290    242.1861    295.3288    303.0988    262.6096    264.6716    274.7341    333.9450    355.0268    328.9147    291.5422    287.6597    186.5416    171.5689    152.6224    133.6746    105.7436     25.9379     11.9723  
    2243.4298     2313.5702  
   139.8501    434.6166   1071.6451   1242.2214     93.1152    782.5391     19.0125    774.0000  
   195.6055   2525.7936   1835.6009  
 6
   270.4847    259.5056    242.5380    295.6179    303.0581    262.3466    264.3816    274.4169    333.5362    354.5823    328.5186    291.3079    287.8076    186.7397    171.7550    152.7853    133.8149    105.8541     25.9647     11.9842  
    2243.2428     2313.7572  
   139.9153    434.7835   1071.8005   1242.1246     93.0650    782.3040     19.0071    774.0000  
   195.7757   2523.7220   1837.5023  
 7
   270.7071    259.7190    242.7374    295.7827    303.0337    262.1972    264.2170    274.2370    333.3047    354.3308    328.2946    291.1751    287.8909    186.8520    171.8606    152.8778    133.8946    105.9169     25.9799     11.9910  
    2243.1374     2313.8626  
   139.9520    434.8774   1071.8872   1242.0704     93.0368    782.1721     19.0040    774.0000  
   195.8724   2522.5473   1838.5803  
 8
   270.8335    259.8402    242.8507    295.8764    303.0194    262.1122    264.1234    274.1348    333.1733    354.1880    328.1675    291.0996    287.9380    186.9158    171.9207    152.9304    133.9400    105.9527     25.9885     11.9949  
    2243.0779     2313.9221  
   139.9728    434.9305   1071.9360   1242.0399     93.0209    782.0976     19.0023    774.0000  
   195.9274   2521.8800   1839.1926  
 9
   270.9052    259.9091    242.9150    295.9297    303.0111    262.0639    264.0703    274.0767    333.0986    354.1070    328.0953    291.0567    287.9648    186.9521    171.9549    152.9604    133.9658    105.9731     25.9935     11.9971  
    2243.0443     2313.9557  
   139.9845    434.9605   1071.9637   1242.0227     93.0119    782.0555     19.0013    774.0000  
   195.9587   2521.5007   1839.5406  
10
   270.9461    259.9483    242.9517    295.9600    303.0063    262.0363    264.0400    274.0436    333.0561    354.0609    328.0542    291.0322    287.9800    186.9727    171.9743    152.9775    133.9806    105.9847     25.9963     11.9983  
    2243.0252     2313.9748  
   139.9912    434.9775   1071.9793   1242.0129     93.0068    782.0315     19.0007    774.0000  
   195.9765   2521.2850   1839.7386  
11
   270.9693    259.9706    242.9725    295.9772    303.0036    262.0207    264.0228    274.0248    333.0319    354.0346    328.0308    291.0184    287.9886    186.9845    171.9854    152.9872    133.9889    105.9913     25.9979     11.9991  
    2243.0143     2313.9857  
   139.9950    434.9872   1071.9883   1242.0073     93.0038    782.0179     19.0004    774.0000  
   195.9866   2521.1622   1839.8512  
12
   270.9825    259.9832    242.9843    295.9870    303.0021    262.0118    264.0130    274.0141    333.0182    354.0197    328.0176    291.0104    287.9935    186.9912    171.9917    152.9927    133.9937    105.9950     25.9988     11.9995  
    2243.0081     2313.9919  
   139.9972    434.9927   1071.9933   1242.0042     93.0022    782.0102     19.0002    774.0000  
   195.9924   2521.0923   1839.9153  
13
   270.9901    259.9905    242.9911    295.9926    303.0012    262.0067    264.0074    274.0080    333.0103    354.0112    328.0100    291.0059    287.9963    186.9950    171.9953    152.9958    133.9964    105.9972     25.9993     11.9997  
    2243.0046     2313.9954  
   139.9984    434.9959   1071.9962   1242.0024     93.0012    782.0058     19.0001    774.0000  
   195.9957   2521.0526   1839.9518  
14
   270.9943    259.9946    242.9949    295.9958    303.0007    262.0038    264.0042    274.0046    333.0059    354.0064    328.0057    291.0034    287.9979    186.9971    171.9973    152.9976    133.9980    105.9984     25.9996     11.9998  
    2243.0026     2313.9974  
   139.9991    434.9976   1071.9978   1242.0013     93.0007    782.0033     19.0001    774.0000  
   195.9975   2521.0299   1839.9726  
15
   270.9968    259.9969    242.9971    295.9976    303.0004    262.0022    264.0024    274.0026    333.0034    354.0036    328.0032    291.0019    287.9988    186.9984    171.9985    152.9987    133.9988    105.9991     25.9998     11.9999  
    2243.0015     2313.9985  
   139.9995    434.9987   1071.9988   1242.0008     93.0004    782.0019     19.0000    774.0000  
   195.9986   2521.0170   1839.9844  
16
   270.9982    259.9982    242.9984    295.9986    303.0002    262.0012    264.0014    274.0015    333.0019    354.0021    328.0018    291.0011    287.9993    186.9991    171.9991    152.9992    133.9993    105.9995     25.9999     11.9999  
    2243.0009     2313.9991  
   139.9997    434.9992   1071.9993   1242.0004     93.0002    782.0011     19.0000    774.0000  
   195.9992   2521.0097   1839.9911  
17
   270.9990    259.9990    242.9991    295.9992    303.0001    262.0007    264.0008    274.0008    333.0011    354.0012    328.0010    291.0006    287.9996    186.9995    171.9995    152.9996    133.9996    105.9997     25.9999     12.0000  
    2243.0005     2313.9995  
   139.9998    434.9996   1071.9996   1242.0002     93.0001    782.0006     19.0000    774.0000  
   195.9995   2521.0055   1839.9949  
18
   270.9994    259.9994    242.9995    295.9996    303.0001    262.0004    264.0004    274.0005    333.0006    354.0007    328.0006    291.0004    287.9998    186.9997    171.9997    152.9998    133.9998    105.9998     26.0000     12.0000  
    2243.0003     2313.9997  
   139.9999    434.9998   1071.9998   1242.0001     93.0001    782.0003     19.0000    774.0000  
   195.9997   2521.0031   1839.9971  
19
   270.9997    259.9997    242.9997    295.9997    303.0000    262.0002    264.0003    274.0003    333.0004    354.0004    328.0003    291.0002    287.9999    186.9998    171.9998    152.9999    133.9999    105.9999     26.0000     12.0000  
    2243.0002     2313.9998  
   139.9999    434.9999   1071.9999   1242.0001     93.0000    782.0002     19.0000    774.0000  
   195.9999   2521.0018   1839.9984  
20
   270.9998    259.9998    242.9998    295.9999    303.0000    262.0001    264.0001    274.0002    333.0002    354.0002    328.0002    291.0001    287.9999    186.9999    171.9999    152.9999    133.9999    105.9999     26.0000     12.0000  
    2243.0001     2313.9999  
   140.0000    434.9999   1071.9999   1242.0000     93.0000    782.0001     19.0000    774.0000  
   195.9999   2521.0010   1839.9991  
21
   270.9999    259.9999    242.9999    295.9999    303.0000    262.0001    264.0001    274.0001    333.0001    354.0001    328.0001    291.0001    288.0000    186.9999    171.9999    153.0000    134.0000    106.0000     26.0000     12.0000  
    2243.0001     2313.9999  
   140.0000    435.0000   1072.0000   1242.0000     93.0000    782.0001     19.0000    774.0000  
   196.0000   2521.0006   1839.9995  
22
   270.9999    259.9999    242.9999    296.0000    303.0000    262.0000    264.0000    274.0001    333.0001    354.0001    328.0001    291.0000    288.0000    187.0000    172.0000    153.0000    134.0000    106.0000     26.0000     12.0000  
    2243.0000     2314.0000  
   140.0000    435.0000   1072.0000   1242.0000     93.0000    782.0000     19.0000    774.0000  
   196.0000   2521.0003   1839.9997  
23
   271.0000    260.0000    243.0000    296.0000    303.0000    262.0000    264.0000    274.0000    333.0000    354.0000    328.0000    291.0000    288.0000    187.0000    172.0000    153.0000    134.0000    106.0000     26.0000     12.0000  
    2243.0000     2314.0000  
   140.0000    435.0000   1072.0000   1242.0000     93.0000    782.0000     19.0000    774.0000  
   196.0000   2521.0002   1839.9998  
24
   271.0000    260.0000    243.0000    296.0000    303.0000    262.0000    264.0000    274.0000    333.0000    354.0000    328.0000    291.0000    288.0000    187.0000    172.0000    153.0000    134.0000    106.0000     26.0000     12.0000  
    2243.0000     2314.0000  
   140.0000    435.0000   1072.0000   1242.0000     93.0000    782.0000     19.0000    774.0000  
   196.0000   2521.0001   1839.9999  
25
   271.0000    260.0000    243.0000    296.0000    303.0000    262.0000    264.0000    274.0000    333.0000    354.0000    328.0000    291.0000    288.0000    187.0000    172.0000    153.0000    134.0000    106.0000     26.0000     12.0000  
    2243.0000     2314.0000  
   140.0000    435.0000   1072.0000   1242.0000     93.0000    782.0000     19.0000    774.0000  
   196.0000   2521.0001   1839.9999  
26
   271.0000    260.0000    243.0000    296.0000    303.0000    262.0000    264.0000    274.0000    333.0000    354.0000    328.0000    291.0000    288.0000    187.0000    172.0000    153.0000    134.0000    106.0000     26.0000     12.0000  
    2243.0000     2314.0000  
   140.0000    435.0000   1072.0000   1242.0000     93.0000    782.0000     19.0000    774.0000  
   196.0000   2521.0000   1840.0000  
27
   271.0000    260.0000    243.0000    296.0000    303.0000    262.0000    264.0000    274.0000    333.0000    354.0000    328.0000    291.0000    288.0000    187.0000    172.0000    153.0000    134.0000    106.0000     26.0000     12.0000  
    2243.0000     2314.0000  
   140.0000    435.0000   1072.0000   1242.0000     93.0000    782.0000     19.0000    774.0000  
   196.0000   2521.0000   1840.0000  
28
   271.0000    260.0000    243.0000    296.0000    303.0000    262.0000    264.0000    274.0000    333.0000    354.0000    328.0000    291.0000    288.0000    187.0000    172.0000    153.0000    134.0000    106.0000     26.0000     12.0000  
    2243.0000     2314.0000  
   140.0000    435.0000   1072.0000   1242.0000     93.0000    782.0000     19.0000    774.0000  
   196.0000   2521.0000   1840.0000  
29
   271.0000    260.0000    243.0000    296.0000    303.0000    262.0000    264.0000    274.0000    333.0000    354.0000    328.0000    291.0000    288.0000    187.0000    172.0000    153.0000    134.0000    106.0000     26.0000     12.0000  
    2243.0000     2314.0000  
   140.0000    435.0000   1072.0000   1242.0000     93.0000    782.0000     19.0000    774.0000  
   196.0000   2521.0000   1840.0000  
30
   271.0000    260.0000    243.0000    296.0000    303.0000    262.0000    264.0000    274.0000    333.0000    354.0000    328.0000    291.0000    288.0000    187.0000    172.0000    153.0000    134.0000    106.0000     26.0000     12.0000  
    2243.0000     2314.0000  
   140.0000    435.0000   1072.0000   1242.0000     93.0000    782.0000     19.0000    774.0000  
   196.0000   2521.0000   1840.0000  
31
   271.0000    260.0000    243.0000    296.0000    303.0000    262.0000    264.0000    274.0000    333.0000    354.0000    328.0000    291.0000    288.0000    187.0000    172.0000    153.0000    134.0000    106.0000     26.0000     12.0000  
    2243.0000     2314.0000  
   140.0000    435.0000   1072.0000   1242.0000     93.0000    782.0000     19.0000    774.0000  
   196.0000   2521.0000   1840.0000  
32
   271.0000    260.0000    243.0000    296.0000    303.0000    262.0000    264.0000    274.0000    333.0000    354.0000    328.0000    291.0000    288.0000    187.0000    172.0000    153.0000    134.0000    106.0000     26.0000     12.0000  
    2243.0000     2314.0000  
   140.0000    435.0000   1072.0000   1242.0000     93.0000    782.0000     19.0000    774.0000  
   196.0000   2521.0000   1840.0000  
33
   271.0000    260.0000    243.0000    296.0000    303.0000    262.0000    264.0000    274.0000    333.0000    354.0000    328.0000    291.0000    288.0000    187.0000    172.0000    153.0000    134.0000    106.0000     26.0000     12.0000  
    2243.0000     2314.0000  
   140.0000    435.0000   1072.0000   1242.0000     93.0000    782.0000     19.0000    774.0000  
   196.0000   2521.0000   1840.0000  
