                    0   10940117.999999996     
                    1   297.65226338895013     
                    2   56.264449474248480     
                    3   30.254686581009615     
                    4   16.547873877819860     
                    5   8.9426862872008464     
                    6   4.7719554831110820     
                    7   2.5310309619548601     
                    8   1.3382797484367048     
                    9  0.70656029518669305     
                   10  0.37276616174981075     
                   11  0.19659419936882766     
                   12  0.10366450059161353     
                   13   5.4657846884382522E-002
                   14   2.8817537668161738E-002
                   15   1.5193306095574989E-002
                   16   8.0101985143581547E-003
                   17   4.2231068204387195E-003
                   18   2.2264848889107314E-003
                   19   1.1738345363773075E-003
                   20   6.1886188263729166E-004
                   21   3.2627247906838648E-004
                   22   1.7201530333952957E-004
                   23   9.0688804347076584E-005
                   24   4.7812369464512961E-005
                   25   2.5207328859134441E-005
                   26   1.3289647362713770E-005
                   27   7.0064799292399518E-006
                   28   3.6939135902115455E-006
                   29   1.9474802607573512E-006
                   30   1.0267369345339037E-006
                   31   5.4131246646292163E-007
