0
   652.8508    614.6615    622.5552    656.4072    690.1516    705.1390    728.4805    749.3880    800.7967    841.1085    793.9960    714.2477    662.2035    488.6330    456.2313    408.6312    310.0714    183.5851     53.5931     15.2688  
 5370234.0000  5581032.0000  
   286.8120   1200.4948   2370.7191   2701.9373    289.2368   2344.3366     53.4633   1901.0000  
   430.6943   6407.2201   4310.0856  
 1
   624.7102    629.6701    630.6689    802.1621    745.6948    611.8760    639.8801    725.2461    735.9366    816.7368    848.8093    824.3568    708.8521    455.8877    462.0757    405.0740    258.8251    163.5203     42.0038     16.0134  
    5519.3227     5628.6773  
   320.5884   1121.0003   2690.4017   3081.1685    170.6238   1838.1818     25.0354   1901.0000  
   586.9837   6299.9305   4261.0858  
 2
   635.5148    640.5585    641.5669    723.8591    741.2271    640.7847    666.7287    749.1882    743.2022    812.0909    831.3138    802.4499    708.1171    459.2661    464.5686    405.0646    259.4824    164.4964     42.3804     16.1397  
    5478.0714     5669.9286  
   324.4570   1111.8857   2733.0527   3064.0124    166.9891   1821.6195     24.9836   1901.0000  
   583.5486   6317.3726   4247.0788  
 3
   633.7595    638.7893    639.7949    715.1101    744.1774    644.6714    671.2102    753.6861    746.7181    814.5660    832.9034    802.7058    706.0694    457.3710    462.5378    403.2516    258.4441    163.9115     42.2344     16.0880  
    5478.2500     5669.7500  
   324.5012   1112.2221   2737.5419   3061.6578    166.7240   1819.3784     24.9745   1901.0000  
   581.3766   6333.1271   4233.4963  
 4
   632.1805    637.1978    638.2010    712.9179    744.7907    646.3353    673.0934    755.7692    748.6982    816.5046    834.6156    803.6088    705.0807    456.2524    461.3008    402.1280    257.7155    163.4516     42.1153     16.0428  
    5478.8608     5669.1392  
   324.3558   1111.9326   2737.7345   3061.4863    166.7950   1819.7124     24.9834   1901.0000  
   580.2505   6342.9707   4224.7788  
 5
   631.1976    636.2071    637.2088    711.9851    744.9455    647.1433    674.0134    756.8314    749.7751    817.6480    835.6903    804.2248    704.5672    455.6575    460.6694    401.5718    257.3592    163.2261     42.0574     16.0210  
    5479.3169     5668.6831  
   324.2129   1111.5711   2737.4814   3061.6473    166.8775   1820.2192     24.9906   1901.0000  
   579.6586   6348.5346   4219.8068  
 6
   630.6432    635.6483    636.6492    711.5160    744.9854    647.5533    674.4840    757.3853    750.3513    818.2783    836.2967    804.5813    704.2985    455.3457    460.3482    401.2951    257.1844    163.1159     42.0293     16.0107  
    5479.6166     5668.3834  
   324.1188   1111.3215   2737.2757   3061.7938    166.9319   1820.5634     24.9949   1901.0000  
   579.3471   6351.5605   4217.0925  
 7
   630.3420    635.3447    636.3452    711.2715    744.9958    647.7657    674.7289    757.6762    750.6572    818.6173    836.6260    804.7768    704.1573    455.1820    460.1824    401.1540    257.0959    163.0602     42.0152     16.0055  
    5479.7918     5668.2082  
   324.0643   1111.1746   2737.1507   3061.8863    166.9632   1820.7636     24.9973   1901.0000  
   579.1829   6353.1789   4215.6382  
 8
   630.1810    635.1825    636.1827    711.1430    744.9987    647.8768    674.8573    757.8294    750.8191    818.7977    836.8020    804.8817    704.0829    455.0959    460.0959    401.0808    257.0502    163.0315     42.0079     16.0029  
    5479.8887     5668.1113  
   324.0343   1111.0934   2737.0808   3061.9388    166.9804   1820.8738     24.9986   1901.0000  
   579.0964   6354.0379   4214.8657  
 9
   630.0956    635.0964    636.0965    711.0754    744.9995    647.9351    674.9248    757.9101    750.9046    818.8932    836.8954    804.9375    704.0437    455.0505    460.0505    401.0425    257.0264    163.0166     42.0042     16.0015  
    5479.9409     5668.0591  
   324.0182   1111.0495   2737.0429   3061.9674    166.9896   1820.9331     24.9992   1901.0000  
   579.0508   6354.4923   4214.4569  
10
   630.0505    635.0509    636.0509    711.0397    744.9998    647.9658    674.9604    757.9526    750.9497    818.9436    836.9448    804.9670    704.0230    455.0266    460.0266    401.0224    257.0139    163.0087     42.0022     16.0008  
    5479.9688     5668.0312  
   324.0096   1111.0262   2737.0227   3061.9827    166.9945   1820.9646     24.9996   1901.0000  
   579.0268   6354.7322   4214.2410  
11
   630.0266    635.0268    636.0269    711.0209    744.9999    647.9820    674.9791    757.9750    750.9735    818.9703    836.9709    804.9826    704.0121    455.0140    460.0140    401.0118    257.0073    163.0046     42.0012     16.0004  
    5479.9835     5668.0165  
   324.0051   1111.0138   2737.0120   3061.9909    166.9971   1820.9813     24.9998   1901.0000  
   579.0141   6354.8588   4214.1271  
12
   630.0140    635.0141    636.0142    711.0110    745.0000    647.9905    674.9890    757.9868    750.9860    818.9843    836.9846    804.9908    704.0064    455.0074    460.0074    401.0062    257.0039    163.0024     42.0006     16.0002  
    5479.9913     5668.0087  
   324.0027   1111.0073   2737.0063   3061.9952    166.9985   1820.9901     24.9999   1901.0000  
   579.0075   6354.9255   4214.0670  
13
   630.0074    635.0075    636.0075    711.0058    745.0000    647.9950    674.9942    757.9931    750.9926    818.9917    836.9919    804.9952    704.0034    455.0039    460.0039    401.0033    257.0020    163.0013     42.0003     16.0001  
    5479.9954     5668.0046  
   324.0014   1111.0038   2737.0033   3061.9975    166.9992   1820.9948     24.9999   1901.0000  
   579.0039   6354.9607   4214.0353  
14
   630.0039    635.0039    636.0039    711.0031    745.0000    647.9974    674.9969    757.9963    750.9961    818.9956    836.9957    804.9974    704.0018    455.0021    460.0021    401.0017    257.0011    163.0007     42.0002     16.0001  
    5479.9976     5668.0024  
   324.0007   1111.0020   2737.0018   3061.9987    166.9996   1820.9973     25.0000   1901.0000  
   579.0021   6354.9793   4214.0186  
15
   630.0021    635.0021    636.0021    711.0016    745.0000    647.9986    674.9984    757.9981    750.9979    818.9977    836.9978    804.9987    704.0009    455.0011    460.0011    401.0009    257.0006    163.0004     42.0001     16.0000  
    5479.9987     5668.0013  
   324.0004   1111.0011   2737.0009   3061.9993    166.9998   1820.9986     25.0000   1901.0000  
   579.0011   6354.9891   4214.0098  
16
   630.0011    635.0011    636.0011    711.0009    745.0000    647.9993    674.9991    757.9990    750.9989    818.9988    836.9988    804.9993    704.0005    455.0006    460.0006    401.0005    257.0003    163.0002     42.0000     16.0000  
    5479.9993     5668.0007  
   324.0002   1111.0006   2737.0005   3061.9996    166.9999   1820.9992     25.0000   1901.0000  
   579.0006   6354.9942   4214.0052  
17
   630.0006    635.0006    636.0006    711.0004    745.0000    647.9996    674.9996    757.9995    750.9994    818.9994    836.9994    804.9996    704.0003    455.0003    460.0003    401.0003    257.0002    163.0001     42.0000     16.0000  
    5479.9996     5668.0004  
   324.0001   1111.0003   2737.0003   3061.9998    166.9999   1820.9996     25.0000   1901.0000  
   579.0003   6354.9970   4214.0027  
18
   630.0003    635.0003    636.0003    711.0002    745.0000    647.9998    674.9998    757.9997    750.9997    818.9997    836.9997    804.9998    704.0001    455.0002    460.0002    401.0001    257.0001    163.0001     42.0000     16.0000  
    5479.9998     5668.0002  
   324.0001   1111.0002   2737.0001   3061.9999    167.0000   1820.9998     25.0000   1901.0000  
   579.0002   6354.9984   4214.0014  
19
   630.0002    635.0002    636.0002    711.0001    745.0000    647.9999    674.9999    757.9999    750.9998    818.9998    836.9998    804.9999    704.0001    455.0001    460.0001    401.0001    257.0000    163.0000     42.0000     16.0000  
    5479.9999     5668.0001  
   324.0000   1111.0001   2737.0001   3061.9999    167.0000   1820.9999     25.0000   1901.0000  
   579.0001   6354.9992   4214.0008  
20
   630.0001    635.0001    636.0001    711.0001    745.0000    647.9999    674.9999    757.9999    750.9999    818.9999    836.9999    804.9999    704.0000    455.0000    460.0000    401.0000    257.0000    163.0000     42.0000     16.0000  
    5479.9999     5668.0001  
   324.0000   1111.0000   2737.0000   3062.0000    167.0000   1820.9999     25.0000   1901.0000  
   579.0000   6354.9996   4214.0004  
21
   630.0000    635.0000    636.0000    711.0000    745.0000    648.0000    675.0000    758.0000    751.0000    819.0000    837.0000    805.0000    704.0000    455.0000    460.0000    401.0000    257.0000    163.0000     42.0000     16.0000  
    5480.0000     5668.0000  
   324.0000   1111.0000   2737.0000   3062.0000    167.0000   1821.0000     25.0000   1901.0000  
   579.0000   6354.9998   4214.0002  
22
   630.0000    635.0000    636.0000    711.0000    745.0000    648.0000    675.0000    758.0000    751.0000    819.0000    837.0000    805.0000    704.0000    455.0000    460.0000    401.0000    257.0000    163.0000     42.0000     16.0000  
    5480.0000     5668.0000  
   324.0000   1111.0000   2737.0000   3062.0000    167.0000   1821.0000     25.0000   1901.0000  
   579.0000   6354.9999   4214.0001  
23
   630.0000    635.0000    636.0000    711.0000    745.0000    648.0000    675.0000    758.0000    751.0000    819.0000    837.0000    805.0000    704.0000    455.0000    460.0000    401.0000    257.0000    163.0000     42.0000     16.0000  
    5480.0000     5668.0000  
   324.0000   1111.0000   2737.0000   3062.0000    167.0000   1821.0000     25.0000   1901.0000  
   579.0000   6354.9999   4214.0001  
24
   630.0000    635.0000    636.0000    711.0000    745.0000    648.0000    675.0000    758.0000    751.0000    819.0000    837.0000    805.0000    704.0000    455.0000    460.0000    401.0000    257.0000    163.0000     42.0000     16.0000  
    5480.0000     5668.0000  
   324.0000   1111.0000   2737.0000   3062.0000    167.0000   1821.0000     25.0000   1901.0000  
   579.0000   6355.0000   4214.0000  
25
   630.0000    635.0000    636.0000    711.0000    745.0000    648.0000    675.0000    758.0000    751.0000    819.0000    837.0000    805.0000    704.0000    455.0000    460.0000    401.0000    257.0000    163.0000     42.0000     16.0000  
    5480.0000     5668.0000  
   324.0000   1111.0000   2737.0000   3062.0000    167.0000   1821.0000     25.0000   1901.0000  
   579.0000   6355.0000   4214.0000  
26
   630.0000    635.0000    636.0000    711.0000    745.0000    648.0000    675.0000    758.0000    751.0000    819.0000    837.0000    805.0000    704.0000    455.0000    460.0000    401.0000    257.0000    163.0000     42.0000     16.0000  
    5480.0000     5668.0000  
   324.0000   1111.0000   2737.0000   3062.0000    167.0000   1821.0000     25.0000   1901.0000  
   579.0000   6355.0000   4214.0000  
27
   630.0000    635.0000    636.0000    711.0000    745.0000    648.0000    675.0000    758.0000    751.0000    819.0000    837.0000    805.0000    704.0000    455.0000    460.0000    401.0000    257.0000    163.0000     42.0000     16.0000  
    5480.0000     5668.0000  
   324.0000   1111.0000   2737.0000   3062.0000    167.0000   1821.0000     25.0000   1901.0000  
   579.0000   6355.0000   4214.0000  
28
   630.0000    635.0000    636.0000    711.0000    745.0000    648.0000    675.0000    758.0000    751.0000    819.0000    837.0000    805.0000    704.0000    455.0000    460.0000    401.0000    257.0000    163.0000     42.0000     16.0000  
    5480.0000     5668.0000  
   324.0000   1111.0000   2737.0000   3062.0000    167.0000   1821.0000     25.0000   1901.0000  
   579.0000   6355.0000   4214.0000  
29
   630.0000    635.0000    636.0000    711.0000    745.0000    648.0000    675.0000    758.0000    751.0000    819.0000    837.0000    805.0000    704.0000    455.0000    460.0000    401.0000    257.0000    163.0000     42.0000     16.0000  
    5480.0000     5668.0000  
   324.0000   1111.0000   2737.0000   3062.0000    167.0000   1821.0000     25.0000   1901.0000  
   579.0000   6355.0000   4214.0000  
30
   630.0000    635.0000    636.0000    711.0000    745.0000    648.0000    675.0000    758.0000    751.0000    819.0000    837.0000    805.0000    704.0000    455.0000    460.0000    401.0000    257.0000    163.0000     42.0000     16.0000  
    5480.0000     5668.0000  
   324.0000   1111.0000   2737.0000   3062.0000    167.0000   1821.0000     25.0000   1901.0000  
   579.0000   6355.0000   4214.0000  
31
   630.0000    635.0000    636.0000    711.0000    745.0000    648.0000    675.0000    758.0000    751.0000    819.0000    837.0000    805.0000    704.0000    455.0000    460.0000    401.0000    257.0000    163.0000     42.0000     16.0000  
    5480.0000     5668.0000  
   324.0000   1111.0000   2737.0000   3062.0000    167.0000   1821.0000     25.0000   1901.0000  
   579.0000   6355.0000   4214.0000  
