                    0   10946801.000000000     
                    1   155.28921138655295     
                    2   49.976947284236815     
                    3   24.020867494777455     
                    4   12.873780230711265     
                    5   7.2473177259074077     
                    6   4.1726689924938780     
                    7   2.4289787600845969     
                    8   1.4201269073541678     
                    9  0.83202143995377542     
                   10  0.48797354943532079     
                   11  0.28634523537255330     
                   12  0.16807530756781783     
                   13   9.8669122383757385E-002
                   14   5.7928537554622524E-002
                   15   3.4011228009305325E-002
                   16   1.9969271502367863E-002
                   17   1.1724863414198343E-002
                   18   6.8842486697301940E-003
                   19   4.0421005738360515E-003
                   20   2.3733332031298780E-003
                   21   1.3935126294689173E-003
                   22   8.1820748127333200E-004
                   23   4.8041458319710207E-004
                   24   2.8207788156788243E-004
                   25   1.6562349925181905E-004
                   26   9.7246707882138320E-005
                   27   5.7098920094076180E-005
                   28   3.3525933938118331E-005
                   29   1.9684930587950011E-005
                   30   1.1558111923554910E-005
                   31   6.7864066970219652E-006
                   32   3.9846759316606130E-006
                   33   2.3396231282662229E-006
                   34   1.3737215295323176E-006
                   35   8.0658896623101556E-007
