                    0   10925754.999999991     
                    1   827.74256600254034     
                    2   112.01986235301364     
                    3   28.481522148415237     
                    4   9.3462141835331050     
                    5   3.7955408275266884     
                    6   1.8244987718450236     
                    7  0.95849905512840672     
                    8  0.52398570602195282     
                    9  0.29104109378146509     
                   10  0.16269973223228199     
                   11   9.1213063900368707E-002
                   12   5.1193108031548119E-002
                   13   2.8745937722588738E-002
                   14   1.6144919752950317E-002
                   15   9.0685074942840737E-003
                   16   5.0939396046402099E-003
                   17   2.8614082051462110E-003
                   18   1.6073462580172520E-003
                   19   9.0290214262993946E-004
                   20   5.0719229064870698E-004
                   21   2.8490818405941306E-004
                   22   1.6004325665560292E-004
                   23   8.9902106978969948E-005
                   24   5.0501278311283412E-005
                   25   2.8368405148370334E-005
                   26   1.5935570703310906E-005
                   27   8.9515865313292454E-006
                   28   5.0284334096122561E-006
                   29   2.8246524791284647E-006
                   30   1.5867101150687790E-006
                   31   8.9131308428011535E-007
