                    0   10948142.000000000     
                    1   89.463427434151626     
                    2   27.009728379699695     
                    3   15.034751021341735     
                    4   8.5110142475789843     
                    5   4.8216911327237479     
                    6   2.7356444965944493     
                    7   1.5540215396690442     
                    8  0.88353250560459040     
                    9  0.50259951384794244     
                   10  0.28599915398236775     
                   11  0.16277698480670305     
                   12   9.2655593491803023E-002
                   13   5.2744801940731466E-002
                   14   3.0026499342674904E-002
                   15   1.7093836415773417E-002
                   16   9.7315051067143957E-003
                   17   5.5401779187105177E-003
                   18   3.1540549392796218E-003
                   19   1.7956258519537054E-003
                   20   1.0222639515236000E-003
                   21   5.8198338475752901E-004
                   22   3.3132814002488587E-004
                   23   1.8862800329973612E-004
                   24   1.0738758610472342E-004
                   25   6.1136703985086689E-005
                   26   3.4805669994478249E-005
                   27   1.9815177624825126E-005
                   28   1.1280957044070472E-005
                   29   6.4223499784592589E-006
                   30   3.6563011375681086E-006
                   31   2.0815646424731001E-006
                   32   1.1850534194559345E-006
                   33   6.7466135678361525E-007
