                    0   10937498.000000000     
                    1   508.71404685702623     
                    2   107.51750480474489     
                    3   60.205229504529107     
                    4   33.282806713325286     
                    5   18.099283895408739     
                    6   9.7070069845468208     
                    7   5.1672830086390658     
                    8   2.7399883642475040     
                    9   1.4499978631734372     
                   10  0.76653271524489353     
                   11  0.40500715718240132     
                   12  0.21393078875679686     
                   13  0.11298513193034623     
                   14   5.9667425112362567E-002
                   15   3.1509165240420509E-002
                   16   1.6639032910173556E-002
                   17   8.7864801984478581E-003
                   18   4.6398031829149693E-003
                   19   2.4500956045453116E-003
                   20   1.2937963161285565E-003
                   21   6.8320098064606773E-004
                   22   3.6077039347512765E-004
                   23   1.9050800155663832E-004
                   24   1.0059942704383838E-004
                   25   5.3122410737570865E-005
                   26   2.8051753218529939E-005
                   27   1.4812975584251303E-005
                   28   7.8221199476866511E-006
                   29   4.1305383370336722E-006
                   30   2.1811678038661511E-006
                   31   1.1517853415335746E-006
                   32   6.0820929237393687E-007
