0
   518.3425    488.0224    494.2938    521.1724    548.0086    559.9258    578.4410    595.0234    635.8313    667.8535    630.4702    567.1678    525.8658    388.0819    362.4241    324.7104    246.5085    146.0349     42.6583     12.1634  
 5370234.0000  5581032.0000  
   201.1682    852.4186   1774.5479   2096.2905    226.9842   1835.5102     41.0804   1825.0000  
   316.7982   4766.2231   3769.9787  
 1
   584.5953    587.4966    591.3718    511.7779    549.4827    526.9233    631.7898    724.8852    711.3589    732.4119    634.2693    572.2769    487.3390    259.5531    259.7784    195.2203    151.8895     98.6600     34.6202      7.3001  
    4376.0434     4476.9566  
   162.2991    605.7974   1706.9057   2039.3548    133.5425   2299.1713     80.9291   1825.0000  
   237.4900   4816.4654   3799.0446  
 2
   578.6724    581.5421    585.3689    533.4649    563.5855    511.4476    600.7966    691.7197    684.8353    713.9323    632.7324    580.1881    495.9152    269.8293    280.2375    216.6462    171.7938    112.2505     39.5750      8.4666  
    4334.0752     4518.9248  
   154.2121    585.1381   1683.6160   2059.2810    135.9644   2328.2498     81.5387   1825.0000  
   242.2437   4747.6720   3863.0843  
 3
   587.0486    589.9600    593.8427    544.3475    559.5114    502.2121    589.2426    678.8302    672.9906    703.4578    625.4939    577.0282    501.2566    275.1803    287.2725    222.8600    177.0796    115.7712     40.8571      8.7573  
    4336.5049     4516.4951  
   153.7925    583.2537   1680.3099   2062.6435    136.0529   2330.5820     81.3656   1825.0000  
   245.4628   4694.9383   3912.5989  
 4
   593.6507    596.5947    600.5207    549.8999    558.3197    497.5170    583.2964    671.9023    666.1602    696.6704    620.0482    573.8457    503.7962    277.9824    290.5496    225.5373    179.2626    117.2081     41.3696      8.8681  
    4334.5459     4518.4541  
   154.1278    584.2018   1681.2546   2063.1931    135.7337   2328.2522     81.2369   1825.0000  
   247.2825   4660.9011   3944.8164  
 5
   597.9927    600.9582    604.9125    552.8372    557.7947    494.8976    579.9581    667.9381    662.1289    692.4890    616.5466    571.6423    505.1401    279.5874    292.3450    226.9490    180.3862    117.9442     41.6293      8.9229  
    4332.8549     4520.1451  
   154.4430    585.1966   1682.5351   2063.2085    135.4639   2326.0047     81.1481   1825.0000  
   248.3540   4639.8830   3964.7629  
 6
   600.7058    603.6846    607.6566    554.5002    557.4956    493.3608    577.9999    665.5962    659.7187    689.9483    614.3854    570.2410    505.8955    280.5379    293.3930    227.7609    181.0263    118.3630     41.7765      8.9536  
    4331.7470     4521.2530  
   154.6563    585.8842   1683.4653   2063.1466    135.2853   2324.4710     81.0912   1825.0000  
   248.9976   4627.0581   3976.9443  
 7
   602.3734    605.3605    609.3433    555.4822    557.3100    492.4382    576.8260    664.1891    658.2646    688.4066    613.0660    569.3733    506.3355    281.1098    294.0212    228.2454    181.4071    118.6121     41.8639      8.9717  
    4331.0633     4521.9367  
   154.7899    586.3175   1684.0601   2063.0933    135.1742   2323.5090     81.0559   1825.0000  
   249.3879   4619.2472   3984.3649  
 8
   603.3936    606.3856    610.3752    556.0740    557.1930    491.8785    576.1147    663.3362    657.3823    687.4693    612.2619    568.8407    506.5973    281.4566    294.4021    228.5389    181.6377    118.7629     41.9168      8.9827  
    4330.6473     4522.3527  
   154.8718    586.5836   1684.4265   2063.0576    135.1063   2322.9199     81.0342   1825.0000  
   249.6257   4614.4856   3988.8887  
 9
   604.0171    607.0123    611.0059    556.4339    557.1196    491.5374    575.6816    662.8169    656.8449    686.8981    611.7715    568.5147    506.7549    281.6678    294.6342    228.7179    181.7783    118.8549     41.9491      8.9894  
    4330.3947     4522.6053  
   154.9218    586.7458   1684.6501   2063.0353    135.0649   2322.5612     81.0210   1825.0000  
   249.7709   4611.5789   3991.6502  
10
   604.3984    607.3954    611.3915    556.6535    557.0738    491.3289    575.4171    662.4998    656.5169    686.5494    611.4720    568.3151    506.8504    281.7967    294.7761    228.8273    181.8642    118.9111     41.9688      8.9935  
    4330.2410     4522.7590  
   154.9522    586.8447   1684.7863   2063.0216    135.0396   2322.3428     81.0128   1825.0000  
   249.8598   4609.8024   3993.3378  
11
   604.6317    607.6298    611.6274    556.7879    557.0454    491.2014    575.2553    662.3060    656.3164    686.3363    611.2889    568.1930    506.9086    281.8756    294.8629    228.8942    181.9168    118.9456     41.9809      8.9960  
    4330.1473     4522.8527  
   154.9708    586.9050   1684.8694   2063.0132    135.0242   2322.2096     81.0079   1825.0000  
   249.9141   4608.7158   3994.3701  
12
   604.7744    607.7733    611.7719    556.8701    557.0279    491.1233    575.1564    662.1874    656.1937    686.2059    611.1769    568.1182    506.9441    281.9238    294.9160    228.9352    181.9490    118.9667     41.9883      8.9976  
    4330.0901     4522.9099  
   154.9821    586.9419   1684.9201   2063.0081    135.0148   2322.1282     81.0048   1825.0000  
   249.9474   4608.0507   3995.0019  
13
   604.8618    607.8612    611.8603    556.9204    557.0171    491.0756    575.0958    662.1147    656.1186    686.1261    611.1083    568.0724    506.9658    281.9533    294.9486    228.9603    181.9688    118.9796     41.9928      8.9985  
    4330.0552     4522.9448  
   154.9890    586.9644   1684.9511   2063.0049    135.0091   2322.0785     81.0029   1825.0000  
   249.9678   4607.6435   3995.3887  
14
   604.9154    607.9150    611.9144    556.9513    557.0105    491.0463    575.0587    662.0703    656.0727    686.0772    611.0663    568.0443    506.9790    281.9714    294.9685    228.9757    181.9809    118.9875     41.9956      8.9991  
    4330.0338     4522.9662  
   154.9933    586.9782   1684.9700   2063.0030    135.0056   2322.0481     81.0018   1825.0000  
   249.9803   4607.3942   3995.6255  
15
   604.9482    607.9479    611.9476    556.9701    557.0064    491.0283    575.0359    662.0431    656.0445    686.0473    611.0406    568.0272    506.9872    281.9825    294.9807    228.9851    181.9883    118.9923     41.9973      8.9994  
    4330.0207     4522.9793  
   154.9959    586.9867   1684.9817   2063.0018    135.0034   2322.0294     81.0011   1825.0000  
   249.9879   4607.2415   3995.7706  
16
   604.9682    607.9681    611.9679    556.9817    557.0039    491.0174    575.0220    662.0264    656.0273    686.0290    611.0249    568.0166    506.9921    281.9893    294.9882    228.9909    181.9928    118.9953     41.9984      8.9997  
    4330.0127     4522.9873  
   154.9975    586.9918   1684.9888   2063.0011    135.0021   2322.0180     81.0007   1825.0000  
   249.9926   4607.1479   3995.8595  
17
   604.9805    607.9805    611.9803    556.9888    557.0024    491.0106    575.0135    662.0162    656.0167    686.0178    611.0153    568.0102    506.9952    281.9934    294.9928    228.9944    181.9956    118.9971     41.9990      8.9998  
    4330.0078     4522.9922  
   154.9985    586.9950   1684.9931   2063.0007    135.0013   2322.0110     81.0004   1825.0000  
   249.9955   4607.0906   3995.9139  
18
   604.9881    607.9880    611.9879    556.9931    557.0015    491.0065    575.0083    662.0099    656.0102    686.0109    611.0093    568.0062    506.9970    281.9960    294.9956    228.9966    181.9973    118.9982     41.9994      8.9999  
    4330.0048     4522.9952  
   154.9991    586.9969   1684.9958   2063.0004    135.0008   2322.0068     81.0003   1825.0000  
   249.9972   4607.0555   3995.9473  
19
   604.9927    607.9927    611.9926    556.9958    557.0009    491.0040    575.0051    662.0061    656.0063    686.0067    611.0057    568.0038    506.9982    281.9975    294.9973    228.9979    181.9984    118.9989     41.9996      8.9999  
    4330.0029     4522.9971  
   154.9994    586.9981   1684.9974   2063.0003    135.0005   2322.0041     81.0002   1825.0000  
   249.9983   4607.0340   3995.9677  
20
   604.9955    607.9955    611.9955    556.9974    557.0006    491.0024    575.0031    662.0037    656.0038    686.0041    611.0035    568.0023    506.9989    281.9985    294.9983    228.9987    181.9990    118.9993     41.9998      9.0000  
    4330.0018     4522.9982  
   154.9996    586.9988   1684.9984   2063.0002    135.0003   2322.0025     81.0001   1825.0000  
   249.9990   4607.0208   3995.9802  
21
   604.9973    607.9972    611.9972    556.9984    557.0003    491.0015    575.0019    662.0023    656.0024    686.0025    611.0021    568.0014    506.9993    281.9991    294.9990    228.9992    181.9994    118.9996     41.9999      9.0000  
    4330.0011     4522.9989  
   154.9998    586.9993   1684.9990   2063.0001    135.0002   2322.0016     81.0001   1825.0000  
   249.9994   4607.0128   3995.9879  
22
   604.9983    607.9983    611.9983    556.9990    557.0002    491.0009    575.0012    662.0014    656.0014    686.0015    611.0013    568.0009    506.9996    281.9994    294.9994    228.9995    181.9996    118.9998     41.9999      9.0000  
    4330.0007     4522.9993  
   154.9999    586.9996   1684.9994   2063.0001    135.0001   2322.0010     81.0000   1825.0000  
   249.9996   4607.0078   3995.9926  
23
   604.9990    607.9990    611.9990    556.9994    557.0001    491.0006    575.0007    662.0009    656.0009    686.0009    611.0008    568.0005    506.9997    281.9997    294.9996    228.9997    181.9998    118.9998     41.9999      9.0000  
    4330.0004     4522.9996  
   154.9999    586.9997   1684.9996   2063.0000    135.0001   2322.0006     81.0000   1825.0000  
   249.9998   4607.0048   3995.9954  
24
   604.9994    607.9994    611.9994    556.9996    557.0001    491.0003    575.0004    662.0005    656.0005    686.0006    611.0005    568.0003    506.9998    281.9998    294.9998    228.9998    181.9999    118.9999     42.0000      9.0000  
    4330.0003     4522.9997  
   155.0000    586.9998   1684.9998   2063.0000    135.0000   2322.0004     81.0000   1825.0000  
   249.9999   4607.0029   3995.9972  
25
   604.9996    607.9996    611.9996    556.9998    557.0000    491.0002    575.0003    662.0003    656.0003    686.0004    611.0003    568.0002    506.9999    281.9999    294.9999    228.9999    181.9999    118.9999     42.0000      9.0000  
    4330.0002     4522.9998  
   155.0000    586.9999   1684.9999   2063.0000    135.0000   2322.0002     81.0000   1825.0000  
   249.9999   4607.0018   3995.9983  
26
   604.9998    607.9998    611.9998    556.9999    557.0000    491.0001    575.0002    662.0002    656.0002    686.0002    611.0002    568.0001    506.9999    281.9999    294.9999    228.9999    181.9999    119.0000     42.0000      9.0000  
    4330.0001     4522.9999  
   155.0000    586.9999   1684.9999   2063.0000    135.0000   2322.0001     81.0000   1825.0000  
   249.9999   4607.0011   3995.9990  
27
   604.9999    607.9999    611.9999    556.9999    557.0000    491.0001    575.0001    662.0001    656.0001    686.0001    611.0001    568.0001    507.0000    282.0000    294.9999    229.0000    182.0000    119.0000     42.0000      9.0000  
    4330.0001     4522.9999  
   155.0000    587.0000   1684.9999   2063.0000    135.0000   2322.0001     81.0000   1825.0000  
   250.0000   4607.0007   3995.9994  
28
   604.9999    607.9999    611.9999    556.9999    557.0000    491.0000    575.0001    662.0001    656.0001    686.0001    611.0001    568.0000    507.0000    282.0000    295.0000    229.0000    182.0000    119.0000     42.0000      9.0000  
    4330.0000     4523.0000  
   155.0000    587.0000   1685.0000   2063.0000    135.0000   2322.0001     81.0000   1825.0000  
   250.0000   4607.0004   3995.9996  
29
   604.9999    607.9999    611.9999    557.0000    557.0000    491.0000    575.0000    662.0000    656.0000    686.0000    611.0000    568.0000    507.0000    282.0000    295.0000    229.0000    182.0000    119.0000     42.0000      9.0000  
    4330.0000     4523.0000  
   155.0000    587.0000   1685.0000   2063.0000    135.0000   2322.0000     81.0000   1825.0000  
   250.0000   4607.0003   3995.9998  
30
   605.0000    608.0000    612.0000    557.0000    557.0000    491.0000    575.0000    662.0000    656.0000    686.0000    611.0000    568.0000    507.0000    282.0000    295.0000    229.0000    182.0000    119.0000     42.0000      9.0000  
    4330.0000     4523.0000  
   155.0000    587.0000   1685.0000   2063.0000    135.0000   2322.0000     81.0000   1825.0000  
   250.0000   4607.0002   3995.9999  
31
   605.0000    608.0000    612.0000    557.0000    557.0000    491.0000    575.0000    662.0000    656.0000    686.0000    611.0000    568.0000    507.0000    282.0000    295.0000    229.0000    182.0000    119.0000     42.0000      9.0000  
    4330.0000     4523.0000  
   155.0000    587.0000   1685.0000   2063.0000    135.0000   2322.0000     81.0000   1825.0000  
   250.0000   4607.0001   3995.9999  
32
   605.0000    608.0000    612.0000    557.0000    557.0000    491.0000    575.0000    662.0000    656.0000    686.0000    611.0000    568.0000    507.0000    282.0000    295.0000    229.0000    182.0000    119.0000     42.0000      9.0000  
    4330.0000     4523.0000  
   155.0000    587.0000   1685.0000   2063.0000    135.0000   2322.0000     81.0000   1825.0000  
   250.0000   4607.0001   3995.9999  
33
   605.0000    608.0000    612.0000    557.0000    557.0000    491.0000    575.0000    662.0000    656.0000    686.0000    611.0000    568.0000    507.0000    282.0000    295.0000    229.0000    182.0000    119.0000     42.0000      9.0000  
    4330.0000     4523.0000  
   155.0000    587.0000   1685.0000   2063.0000    135.0000   2322.0000     81.0000   1825.0000  
   250.0000   4607.0000   3996.0000  
34
   605.0000    608.0000    612.0000    557.0000    557.0000    491.0000    575.0000    662.0000    656.0000    686.0000    611.0000    568.0000    507.0000    282.0000    295.0000    229.0000    182.0000    119.0000     42.0000      9.0000  
    4330.0000     4523.0000  
   155.0000    587.0000   1685.0000   2063.0000    135.0000   2322.0000     81.0000   1825.0000  
   250.0000   4607.0000   3996.0000  
35
   605.0000    608.0000    612.0000    557.0000    557.0000    491.0000    575.0000    662.0000    656.0000    686.0000    611.0000    568.0000    507.0000    282.0000    295.0000    229.0000    182.0000    119.0000     42.0000      9.0000  
    4330.0000     4523.0000  
   155.0000    587.0000   1685.0000   2063.0000    135.0000   2322.0000     81.0000   1825.0000  
   250.0000   4607.0000   3996.0000  
36
   605.0000    608.0000    612.0000    557.0000    557.0000    491.0000    575.0000    662.0000    656.0000    686.0000    611.0000    568.0000    507.0000    282.0000    295.0000    229.0000    182.0000    119.0000     42.0000      9.0000  
    4330.0000     4523.0000  
   155.0000    587.0000   1685.0000   2063.0000    135.0000   2322.0000     81.0000   1825.0000  
   250.0000   4607.0000   3996.0000  
37
   605.0000    608.0000    612.0000    557.0000    557.0000    491.0000    575.0000    662.0000    656.0000    686.0000    611.0000    568.0000    507.0000    282.0000    295.0000    229.0000    182.0000    119.0000     42.0000      9.0000  
    4330.0000     4523.0000  
   155.0000    587.0000   1685.0000   2063.0000    135.0000   2322.0000     81.0000   1825.0000  
   250.0000   4607.0000   3996.0000  
38
   605.0000    608.0000    612.0000    557.0000    557.0000    491.0000    575.0000    662.0000    656.0000    686.0000    611.0000    568.0000    507.0000    282.0000    295.0000    229.0000    182.0000    119.0000     42.0000      9.0000  
    4330.0000     4523.0000  
   155.0000    587.0000   1685.0000   2063.0000    135.0000   2322.0000     81.0000   1825.0000  
   250.0000   4607.0000   3996.0000  
39
   605.0000    608.0000    612.0000    557.0000    557.0000    491.0000    575.0000    662.0000    656.0000    686.0000    611.0000    568.0000    507.0000    282.0000    295.0000    229.0000    182.0000    119.0000     42.0000      9.0000  
    4330.0000     4523.0000  
   155.0000    587.0000   1685.0000   2063.0000    135.0000   2322.0000     81.0000   1825.0000  
   250.0000   4607.0000   3996.0000  
40
   605.0000    608.0000    612.0000    557.0000    557.0000    491.0000    575.0000    662.0000    656.0000    686.0000    611.0000    568.0000    507.0000    282.0000    295.0000    229.0000    182.0000    119.0000     42.0000      9.0000  
    4330.0000     4523.0000  
   155.0000    587.0000   1685.0000   2063.0000    135.0000   2322.0000     81.0000   1825.0000  
   250.0000   4607.0000   3996.0000  
41
   605.0000    608.0000    612.0000    557.0000    557.0000    491.0000    575.0000    662.0000    656.0000    686.0000    611.0000    568.0000    507.0000    282.0000    295.0000    229.0000    182.0000    119.0000     42.0000      9.0000  
    4330.0000     4523.0000  
   155.0000    587.0000   1685.0000   2063.0000    135.0000   2322.0000     81.0000   1825.0000  
   250.0000   4607.0000   3996.0000  
