0
   393.5144    370.4933    375.2436    395.6459    415.8996    424.8989    439.0019    451.6381    482.6430    506.9103    478.4687    430.3696    398.9614    294.2900    274.6264    245.7803    186.2719    110.1232     32.0949      9.1244  
 5370234.0000  5581032.0000  
   150.8358    640.0656   1375.2152   1599.1944    169.9079   1385.5254     31.2557   1364.0000  
   242.7862   3589.5621   2883.6517  
 1
   404.3215    466.5270    454.8720    440.8866    414.8662    376.5855    460.9728    547.8662    531.6857    600.8165    501.7991    443.9192    338.9927    163.7049    195.2794    157.6047    115.7174     71.0237     20.4947      8.0641  
    3381.3876     3334.6124  
   130.4454    433.7822   1343.0636   1623.8964    111.2382   1651.7656     57.8085   1364.0000  
   221.1138   3628.7468   2866.1394  
 2
   400.0890    461.6412    450.1005    449.7321    417.9038    366.6090    441.4932    526.7122    514.5931    588.4460    500.9779    448.9041    345.6559    170.8171    211.4010    175.3403    131.3795     81.2156     23.5777      9.4107  
    3345.3772     3370.6228  
   123.6947    414.8309   1324.5097   1639.8534    113.5326   1677.2687     58.3100   1364.0000  
   225.4157   3585.5672   2905.0171  
 3
   404.8973    467.1894    455.5106    458.0429    414.6886    360.3065    433.5142    517.6176    506.5189    580.8846    496.2040    447.0819    349.1823    174.0201    216.5954    180.3621    135.4715     83.8074     24.3597      9.7450  
    3348.2089     3367.7911  
   123.1654    412.8410   1321.1397   1642.7083    113.7454   1680.1850     58.2152   1364.0000  
   228.1716   3550.0496   2937.7788  
 4
   408.9525    471.8685    460.0725    462.4473    413.8094    357.1980    429.4916    512.7909    501.8669    575.8830    492.3985    444.9684    350.8624    175.6652    218.9177    182.4198    137.0674     84.8028     24.6530      9.8643  
    3347.1005     3368.8995  
   123.3740    413.2926   1321.5044   1643.1661    113.5387   1678.9831     58.1411   1364.0000  
   229.7192   3526.7744   2959.5063  
 5
   411.6555    474.9873    463.1130    464.7684    413.4670    355.4924    427.2611    510.0509    499.1266    572.7833    489.9181    443.4719    351.7573    176.6030    220.1718    183.4828    137.8698     85.3004     24.7978      9.9214  
    3345.9674     3370.0326  
   123.5976    413.8875   1322.3224   1643.1759    113.3436   1677.5846     58.0885   1364.0000  
   230.6254   3512.3639   2973.0107  
 6
   413.3472    476.9391    465.0159    466.0714    413.2861    354.5012    425.9627    508.4414    497.4932    570.9000    488.3837    442.5162    352.2628    177.1569    220.8990    184.0886    138.3222     85.5805     24.8788      9.9530  
    3345.2046     3370.7954  
   123.7518    414.3111   1322.9505   1643.1229    113.2114   1676.5978     58.0544   1364.0000  
   231.1670   3503.5855   2981.2475  
 7
   414.3844    478.1359    466.1827    466.8355    413.1774    353.9098    425.1887    507.4791    496.5115    569.7601    487.4487    441.9253    352.5576    177.4890    221.3327    184.4479    138.5895     85.7459     24.9266      9.9716  
    3344.7312     3371.2688  
   123.8488    414.5797   1323.3578   1643.0779    113.1287   1675.9738     58.0332   1364.0000  
   231.4939   3498.2574   2986.2487  
 8
   415.0166    478.8653    466.8938    467.2932    413.1098    353.5530    424.7221    506.8985    495.9182    569.0696    486.8808    441.5639    352.7328    177.6895    221.5944    184.6644    138.7505     85.8455     24.9554      9.9827  
    3344.4434     3371.5566  
   123.9081    414.7446   1323.6094   1643.0479    113.0782   1675.5915     58.0203   1364.0000  
   231.6920   3495.0230   2989.2850  
 9
   415.4012    479.3091    467.3265    467.5701    413.0677    353.3366    424.4394    506.5466    495.5586    568.6507    486.5359    441.3435    352.8380    177.8111    221.7531    184.7957    138.8481     85.9059     24.9728      9.9895  
    3344.2692     3371.7308  
   123.9441    414.8448   1323.7627   1643.0292    113.0475   1675.3593     58.0123   1364.0000  
   231.8125   3493.0575   2991.1300  
10
   415.6353    479.5792    467.5898    467.7382    413.0416    353.2050    424.2675    506.3328    495.3400    568.3961    486.3263    441.2093    352.9016    177.8850    221.8496    184.8755    138.9074     85.9427     24.9834      9.9936  
    3344.1636     3371.8364  
   123.9660    414.9056   1323.8557   1643.0178    113.0289   1675.2185     58.0075   1364.0000  
   231.8858   3491.8620   2992.2522  
11
   415.7778    479.7437    467.7501    467.8405    413.0255    353.1249    424.1630    506.2027    495.2071    568.2412    486.1987    441.1275    352.9401    177.9299    221.9084    184.9242    138.9436     85.9651     24.9899      9.9961  
    3344.0995     3371.9005  
   123.9793    414.9425   1323.9122   1643.0108    113.0176   1675.1329     58.0046   1364.0000  
   231.9304   3491.1344   2992.9352  
12
   415.8646    479.8438    467.8477    467.9028    413.0156    353.0761    424.0993    506.1235    495.1262    568.1470    486.1211    441.0777    352.9636    177.9573    221.9442    184.9538    138.9656     85.9787     24.9939      9.9976  
    3344.0606     3371.9394  
   123.9874    414.9650   1323.9466   1643.0066    113.0107   1675.0809     58.0028   1364.0000  
   231.9576   3490.6912   2993.3512  
13
   415.9175    479.9048    467.9072    467.9408    413.0095    353.0464    424.0605    506.0753    495.0769    568.0896    486.0738    441.0474    352.9778    177.9740    221.9660    184.9718    138.9790     85.9870     24.9963      9.9985  
    3344.0369     3371.9631  
   123.9923    414.9787   1323.9675   1643.0040    113.0065   1675.0493     58.0017   1364.0000  
   231.9741   3490.4212   2993.6046  
14
   415.9497    479.9420    467.9434    467.9639    413.0058    353.0283    424.0369    506.0459    495.0469    568.0546    486.0450    441.0289    352.9865    177.9841    221.9793    184.9828    138.9872     85.9921     24.9977      9.9991  
    3344.0225     3371.9775  
   123.9953    414.9870   1323.9802   1643.0024    113.0040   1675.0300     58.0010   1364.0000  
   231.9842   3490.2567   2993.7590  
15
   415.9694    479.9646    467.9655    467.9780    413.0035    353.0172    424.0225    506.0280    495.0286    568.0333    486.0274    441.0176    352.9918    177.9903    221.9874    184.9895    138.9922     85.9952     24.9986      9.9995  
    3344.0137     3371.9863  
   123.9972    414.9921   1323.9879   1643.0015    113.0024   1675.0183     58.0006   1364.0000  
   231.9904   3490.1565   2993.8531  
16
   415.9813    479.9785    467.9790    467.9866    413.0022    353.0105    424.0137    506.0170    495.0174    568.0203    486.0167    441.0107    352.9950    177.9941    221.9923    184.9936    138.9953     85.9971     24.9992      9.9997  
    3344.0083     3371.9917  
   123.9983    414.9952   1323.9926   1643.0009    113.0015   1675.0112     58.0004   1364.0000  
   231.9941   3490.0954   2993.9105  
17
   415.9886    479.9869    467.9872    467.9918    413.0013    353.0064    424.0084    506.0104    495.0106    568.0124    486.0102    441.0065    352.9969    177.9964    221.9953    184.9961    138.9971     85.9982     24.9995      9.9998  
    3344.0051     3371.9949  
   123.9989    414.9971   1323.9955   1643.0006    113.0009   1675.0068     58.0002   1364.0000  
   231.9964   3490.0581   2993.9454  
18
   415.9931    479.9920    467.9922    467.9950    413.0008    353.0039    424.0051    506.0063    495.0065    568.0075    486.0062    441.0040    352.9981    177.9978    221.9971    184.9976    138.9982     85.9989     24.9997      9.9999  
    3344.0031     3371.9969  
   123.9994    414.9982   1323.9973   1643.0003    113.0005   1675.0041     58.0001   1364.0000  
   231.9978   3490.0354   2993.9667  
19
   415.9958    479.9951    467.9952    467.9970    413.0005    353.0024    424.0031    506.0039    495.0039    568.0046    486.0038    441.0024    352.9989    177.9987    221.9983    184.9986    138.9989     85.9993     24.9998      9.9999  
    3344.0019     3371.9981  
   123.9996    414.9989   1323.9983   1643.0002    113.0003   1675.0025     58.0001   1364.0000  
   231.9987   3490.0216   2993.9797  
20
   415.9974    479.9970    467.9971    467.9981    413.0003    353.0014    424.0019    506.0024    495.0024    568.0028    486.0023    441.0015    352.9993    177.9992    221.9989    184.9991    138.9993     85.9996     24.9999     10.0000  
    3344.0012     3371.9988  
   123.9998    414.9993   1323.9990   1643.0001    113.0002   1675.0015     58.0001   1364.0000  
   231.9992   3490.0132   2993.9876  
21
   415.9984    479.9982    467.9982    467.9989    413.0002    353.0009    424.0012    506.0014    495.0015    568.0017    486.0014    441.0009    352.9996    177.9995    221.9994    184.9995    138.9996     85.9998     24.9999     10.0000  
    3344.0007     3371.9993  
   123.9999    414.9996   1323.9994   1643.0001    113.0001   1675.0009     58.0000   1364.0000  
   231.9995   3490.0080   2993.9925  
22
   415.9990    479.9989    467.9989    467.9993    413.0001    353.0005    424.0007    506.0009    495.0009    568.0010    486.0009    441.0005    352.9997    177.9997    221.9996    184.9997    138.9998     85.9998     25.0000     10.0000  
    3344.0004     3371.9996  
   123.9999    414.9998   1323.9996   1643.0000    113.0001   1675.0006     58.0000   1364.0000  
   231.9997   3490.0049   2993.9954  
23
   415.9994    479.9993    467.9993    467.9996    413.0001    353.0003    424.0004    506.0005    495.0005    568.0006    486.0005    441.0003    352.9998    177.9998    221.9998    184.9998    138.9999     85.9999     25.0000     10.0000  
    3344.0003     3371.9997  
   123.9999    414.9998   1323.9998   1643.0000    113.0000   1675.0003     58.0000   1364.0000  
   231.9998   3490.0030   2993.9972  
24
   415.9996    479.9996    467.9996    467.9997    413.0000    353.0002    424.0003    506.0003    495.0003    568.0004    486.0003    441.0002    352.9999    177.9999    221.9999    184.9999    138.9999     85.9999     25.0000     10.0000  
    3344.0002     3371.9998  
   124.0000    414.9999   1323.9999   1643.0000    113.0000   1675.0002     58.0000   1364.0000  
   231.9999   3490.0018   2993.9983  
25
   415.9998    479.9997    467.9998    467.9998    413.0000    353.0001    424.0002    506.0002    495.0002    568.0002    486.0002    441.0001    352.9999    177.9999    221.9999    184.9999    138.9999     86.0000     25.0000     10.0000  
    3344.0001     3371.9999  
   124.0000    414.9999   1323.9999   1643.0000    113.0000   1675.0001     58.0000   1364.0000  
   231.9999   3490.0011   2993.9990  
26
   415.9999    479.9998    467.9999    467.9999    413.0000    353.0001    424.0001    506.0001    495.0001    568.0001    486.0001    441.0001    353.0000    178.0000    221.9999    185.0000    139.0000     86.0000     25.0000     10.0000  
    3344.0001     3371.9999  
   124.0000    415.0000   1323.9999   1643.0000    113.0000   1675.0001     58.0000   1364.0000  
   232.0000   3490.0007   2993.9994  
27
   415.9999    479.9999    467.9999    467.9999    413.0000    353.0000    424.0001    506.0001    495.0001    568.0001    486.0001    441.0000    353.0000    178.0000    222.0000    185.0000    139.0000     86.0000     25.0000     10.0000  
    3344.0000     3372.0000  
   124.0000    415.0000   1324.0000   1643.0000    113.0000   1675.0000     58.0000   1364.0000  
   232.0000   3490.0004   2993.9996  
28
   416.0000    479.9999    467.9999    468.0000    413.0000    353.0000    424.0000    506.0000    495.0000    568.0001    486.0000    441.0000    353.0000    178.0000    222.0000    185.0000    139.0000     86.0000     25.0000     10.0000  
    3344.0000     3372.0000  
   124.0000    415.0000   1324.0000   1643.0000    113.0000   1675.0000     58.0000   1364.0000  
   232.0000   3490.0003   2993.9998  
29
   416.0000    480.0000    468.0000    468.0000    413.0000    353.0000    424.0000    506.0000    495.0000    568.0000    486.0000    441.0000    353.0000    178.0000    222.0000    185.0000    139.0000     86.0000     25.0000     10.0000  
    3344.0000     3372.0000  
   124.0000    415.0000   1324.0000   1643.0000    113.0000   1675.0000     58.0000   1364.0000  
   232.0000   3490.0002   2993.9999  
30
   416.0000    480.0000    468.0000    468.0000    413.0000    353.0000    424.0000    506.0000    495.0000    568.0000    486.0000    441.0000    353.0000    178.0000    222.0000    185.0000    139.0000     86.0000     25.0000     10.0000  
    3344.0000     3372.0000  
   124.0000    415.0000   1324.0000   1643.0000    113.0000   1675.0000     58.0000   1364.0000  
   232.0000   3490.0001   2993.9999  
31
   416.0000    480.0000    468.0000    468.0000    413.0000    353.0000    424.0000    506.0000    495.0000    568.0000    486.0000    441.0000    353.0000    178.0000    222.0000    185.0000    139.0000     86.0000     25.0000     10.0000  
    3344.0000     3372.0000  
   124.0000    415.0000   1324.0000   1643.0000    113.0000   1675.0000     58.0000   1364.0000  
   232.0000   3490.0001   2993.9999  
32
   416.0000    480.0000    468.0000    468.0000    413.0000    353.0000    424.0000    506.0000    495.0000    568.0000    486.0000    441.0000    353.0000    178.0000    222.0000    185.0000    139.0000     86.0000     25.0000     10.0000  
    3344.0000     3372.0000  
   124.0000    415.0000   1324.0000   1643.0000    113.0000   1675.0000     58.0000   1364.0000  
   232.0000   3490.0000   2994.0000  
33
   416.0000    480.0000    468.0000    468.0000    413.0000    353.0000    424.0000    506.0000    495.0000    568.0000    486.0000    441.0000    353.0000    178.0000    222.0000    185.0000    139.0000     86.0000     25.0000     10.0000  
    3344.0000     3372.0000  
   124.0000    415.0000   1324.0000   1643.0000    113.0000   1675.0000     58.0000   1364.0000  
   232.0000   3490.0000   2994.0000  
34
   416.0000    480.0000    468.0000    468.0000    413.0000    353.0000    424.0000    506.0000    495.0000    568.0000    486.0000    441.0000    353.0000    178.0000    222.0000    185.0000    139.0000     86.0000     25.0000     10.0000  
    3344.0000     3372.0000  
   124.0000    415.0000   1324.0000   1643.0000    113.0000   1675.0000     58.0000   1364.0000  
   232.0000   3490.0000   2994.0000  
35
   416.0000    480.0000    468.0000    468.0000    413.0000    353.0000    424.0000    506.0000    495.0000    568.0000    486.0000    441.0000    353.0000    178.0000    222.0000    185.0000    139.0000     86.0000     25.0000     10.0000  
    3344.0000     3372.0000  
   124.0000    415.0000   1324.0000   1643.0000    113.0000   1675.0000     58.0000   1364.0000  
   232.0000   3490.0000   2994.0000  
36
   416.0000    480.0000    468.0000    468.0000    413.0000    353.0000    424.0000    506.0000    495.0000    568.0000    486.0000    441.0000    353.0000    178.0000    222.0000    185.0000    139.0000     86.0000     25.0000     10.0000  
    3344.0000     3372.0000  
   124.0000    415.0000   1324.0000   1643.0000    113.0000   1675.0000     58.0000   1364.0000  
   232.0000   3490.0000   2994.0000  
37
   416.0000    480.0000    468.0000    468.0000    413.0000    353.0000    424.0000    506.0000    495.0000    568.0000    486.0000    441.0000    353.0000    178.0000    222.0000    185.0000    139.0000     86.0000     25.0000     10.0000  
    3344.0000     3372.0000  
   124.0000    415.0000   1324.0000   1643.0000    113.0000   1675.0000     58.0000   1364.0000  
   232.0000   3490.0000   2994.0000  
38
   416.0000    480.0000    468.0000    468.0000    413.0000    353.0000    424.0000    506.0000    495.0000    568.0000    486.0000    441.0000    353.0000    178.0000    222.0000    185.0000    139.0000     86.0000     25.0000     10.0000  
    3344.0000     3372.0000  
   124.0000    415.0000   1324.0000   1643.0000    113.0000   1675.0000     58.0000   1364.0000  
   232.0000   3490.0000   2994.0000  
39
   416.0000    480.0000    468.0000    468.0000    413.0000    353.0000    424.0000    506.0000    495.0000    568.0000    486.0000    441.0000    353.0000    178.0000    222.0000    185.0000    139.0000     86.0000     25.0000     10.0000  
    3344.0000     3372.0000  
   124.0000    415.0000   1324.0000   1643.0000    113.0000   1675.0000     58.0000   1364.0000  
   232.0000   3490.0000   2994.0000  
40
   416.0000    480.0000    468.0000    468.0000    413.0000    353.0000    424.0000    506.0000    495.0000    568.0000    486.0000    441.0000    353.0000    178.0000    222.0000    185.0000    139.0000     86.0000     25.0000     10.0000  
    3344.0000     3372.0000  
   124.0000    415.0000   1324.0000   1643.0000    113.0000   1675.0000     58.0000   1364.0000  
   232.0000   3490.0000   2994.0000  
