0
  1607.4168   1513.4052   1532.9054   1616.2740   1700.0743   1737.2626   1794.4541   1845.6490   1972.0785   2071.5915   1955.9580   1759.8527   1632.0268   1205.0823   1126.4096   1010.4960    768.6595    456.4619    133.6913     38.2508  
 5370234.0000  5581032.0000  
   726.1698   3042.7712   5792.3770   6585.4648    707.4506   5750.1306    130.6359   4743.0000  
  1050.2766  16418.7107  10009.0128  
 1
  1514.7056   1506.0025   1566.9477   1912.3098   1712.7694   1507.3579   1552.9643   1696.5157   1781.7373   2028.9458   2044.3327   1945.0081   1778.5452   1088.9064   1177.4534   1091.9190    920.8150    472.9632    147.4196     30.3816  
   13199.3362    14278.6638  
  1003.3839   3297.4125   6875.5577   7033.5725    430.5995   4048.3632     46.1107   4743.0000  
  1847.3461  15701.2149   9929.4390  
 2
  1584.0581   1574.9551   1638.6849   1725.0379   1732.3330   1597.2574   1651.6788   1783.2301   1819.5701   2017.1718   1963.1359   1843.5656   1768.1190   1084.9335   1148.0799   1046.0900    878.3660    452.0479    140.8607     28.8243  
   13169.7237    14308.2763  
  1059.6272   3332.4054   7001.3870   6906.3936    409.9895   3979.2495     45.9478   4743.0000  
  1832.6765  15731.8923   9913.4312  
 3
  1581.0487   1571.9621   1635.5672   1705.4892   1752.2907   1616.6387   1672.1155   1801.9846   1834.1138   2025.9613   1965.9431   1841.5330   1757.4781   1074.4025   1133.2845   1030.7646    865.1459    445.2676    138.6637     28.3450  
   13151.3926    14326.6074  
  1065.4331   3348.8417   7018.7749   6886.0833    407.3161   3962.6288     45.9221   4743.0000  
  1820.0038  15789.3291   9868.6671  
 4
  1575.3054   1566.2518   1629.6255   1698.1243   1756.9915   1624.9789   1681.0685   1811.1264   1842.6875   2033.8967   1972.0773   1844.4155   1752.8445   1069.3368   1126.9293   1024.4674    859.6084    442.3749    137.7395     28.1497  
   13149.5456    14328.4544  
  1065.7374   3350.7271   7020.9178   6883.0036    407.2139   3961.4558     45.9444   4743.0000  
  1813.3829  15829.9401   9834.6770  
 5
  1571.2602   1562.2299   1625.4410   1694.3250   1758.3438   1628.9329   1685.4199   1815.8331   1847.4715   2038.8720   1976.3902   1846.7685   1750.5187   1066.7703   1123.9711   1021.6754    857.2193    441.1370    137.3505     28.0697  
   13150.4373    14327.5627  
  1065.1799   3349.7044   7020.5221   6883.2729    407.4739   3962.8798     45.9671   4743.0000  
  1809.8901  15854.0761   9814.0338  
 6
  1568.8638   1559.8473   1622.9622   1692.2939   1758.7625   1630.9004   1687.6207   1818.2877   1850.0630   2041.6994   1978.9448   1848.2225   1749.3182   1065.4477   1122.5234   1020.3537    856.1125    440.5680    137.1741     28.0342  
   13151.4479    14326.5521  
  1064.6917   3348.6213   7019.9353   6883.9119    407.6932   3964.1648     45.9817   4743.0000  
  1808.0485  15867.5129   9802.4385  
 7
  1567.5323   1558.5234   1621.5849   1691.2122   1758.9040   1631.9059   1688.7561   1819.5744   1851.4470   2043.2429   1980.3649   1849.0443   1748.6920   1064.7591   1121.7910   1019.6979    855.5707    440.2908    137.0888     28.0174  
   13152.1286    14325.8714  
  1064.3828   3347.9058   7019.5278   6884.3799    407.8306   3964.9829     45.9901   4743.0000  
  1807.0784  15874.7796   9796.1420  
 8
  1566.8130   1557.8083   1620.8409   1690.6392   1758.9572   1632.4272   1689.3476   1820.2503   1852.1808   2044.0700   1981.1323   1849.4917   1748.3637   1064.3988   1121.4134   1019.3634    855.2964    440.1509    137.0460     28.0090  
   13152.5269    14325.4731  
  1064.2065   3347.4907   7019.2872   6884.6611    407.9088   3965.4511     45.9947   4743.0000  
  1806.5675  15878.6556   9792.7769  
 9
  1566.4296   1557.4271   1620.4443   1690.3367   1758.9796   1632.6994   1689.6573   1820.6056   1852.5684   2044.5092   1981.5415   1849.7311   1748.1913   1064.2096   1121.2168   1019.1902    855.1549    440.0788    137.0240     28.0047  
   13152.7472    14325.2528  
  1064.1100   3347.2619   7019.1537   6884.8183    407.9514   3965.7075     45.9972   4743.0000  
  1806.2986  15880.7091   9790.9923  
10
  1566.2265   1557.2252   1620.2343   1690.1773   1758.9898   1632.8420   1689.8198   1820.7925   1852.7728   2044.7414   1981.7582   1849.8581   1748.1006   1064.1103   1121.1139   1019.0998    855.0812    440.0413    137.0126     28.0024  
   13152.8659    14325.1341  
  1064.0582   3347.1388   7019.0815   6884.9035    407.9743   3965.8451     45.9985   4743.0000  
  1806.1571  15881.7932   9790.0496  
11
  1566.1193   1557.1186   1620.1234   1690.0933   1758.9948   1632.9169   1689.9052   1820.8908   1852.8804   2044.8638   1981.8726   1849.9253   1748.0529   1064.0580   1121.0599   1019.0524    855.0427    440.0217    137.0066     28.0013  
   13152.9292    14325.0708  
  1064.0307   3347.0733   7019.0431   6884.9490    407.9864   3965.9183     45.9992   4743.0000  
  1806.0827  15882.3647   9789.5526  
12
  1566.0628   1557.0624   1620.0650   1690.0491   1758.9973   1632.9563   1689.9502   1820.9426   1852.9371   2044.9283   1981.9330   1849.9606   1748.0278   1064.0305   1121.0315   1019.0276    855.0224    440.0114    137.0035     28.0007  
   13152.9627    14325.0373  
  1064.0162   3347.0386   7019.0227   6884.9731    407.9928   3965.9569     45.9996   4743.0000  
  1806.0435  15882.6656   9789.2909  
13
  1566.0331   1557.0329   1620.0342   1690.0258   1758.9986   1632.9770   1689.9738   1820.9698   1852.9669   2044.9623   1981.9647   1849.9793   1748.0147   1064.0161   1121.0166   1019.0145    855.0118    440.0060    137.0018     28.0004  
   13152.9803    14325.0197  
  1064.0085   3347.0203   7019.0120   6884.9858    407.9962   3965.9773     45.9998   4743.0000  
  1806.0229  15882.8240   9789.1531  
14
  1566.0174   1557.0173   1620.0180   1690.0136   1758.9993   1632.9879   1689.9862   1820.9841   1852.9826   2044.9801   1981.9814   1849.9891   1748.0077   1064.0084   1121.0087   1019.0076    855.0062    440.0032    137.0010     28.0002  
   13152.9896    14325.0104  
  1064.0045   3347.0107   7019.0063   6884.9925    407.9980   3965.9881     45.9999   4743.0000  
  1806.0120  15882.9074   9789.0805  
15
  1566.0092   1557.0091   1620.0095   1690.0072   1758.9996   1632.9936   1689.9927   1820.9916   1852.9908   2044.9896   1981.9902   1849.9943   1748.0041   1064.0044   1121.0046   1019.0040    855.0033    440.0017    137.0005     28.0001  
   13152.9946    14325.0054  
  1064.0024   3347.0056   7019.0033   6884.9961    407.9990   3965.9937     45.9999   4743.0000  
  1806.0063  15882.9513   9789.0424  
16
  1566.0048   1557.0048   1620.0050   1690.0038   1758.9998   1632.9967   1689.9962   1820.9956   1852.9952   2044.9945   1981.9949   1849.9970   1748.0021   1064.0023   1121.0024   1019.0021    855.0017    440.0009    137.0003     28.0001  
   13152.9971    14325.0029  
  1064.0012   3347.0030   7019.0017   6884.9979    407.9995   3965.9967     46.0000   4743.0000  
  1806.0033  15882.9744   9789.0223  
17
  1566.0025   1557.0025   1620.0026   1690.0020   1758.9999   1632.9982   1689.9980   1820.9977   1852.9975   2044.9971   1981.9973   1849.9984   1748.0011   1064.0012   1121.0013   1019.0011    855.0009    440.0005    137.0001     28.0000  
   13152.9985    14325.0015  
  1064.0007   3347.0016   7019.0009   6884.9989    407.9997   3965.9983     46.0000   4743.0000  
  1806.0018  15882.9865   9789.0117  
18
  1566.0013   1557.0013   1620.0014   1690.0010   1758.9999   1632.9991   1689.9989   1820.9988   1852.9987   2044.9985   1981.9986   1849.9992   1748.0006   1064.0006   1121.0007   1019.0006    855.0005    440.0002    137.0001     28.0000  
   13152.9992    14325.0008  
  1064.0003   3347.0008   7019.0005   6884.9994    407.9998   3965.9991     46.0000   4743.0000  
  1806.0009  15882.9929   9789.0062  
19
  1566.0007   1557.0007   1620.0007   1690.0005   1759.0000   1632.9995   1689.9994   1820.9994   1852.9993   2044.9992   1981.9993   1849.9996   1748.0003   1064.0003   1121.0004   1019.0003    855.0003    440.0001    137.0000     28.0000  
   13152.9996    14325.0004  
  1064.0002   3347.0004   7019.0003   6884.9997    407.9999   3965.9995     46.0000   4743.0000  
  1806.0005  15882.9963   9789.0032  
20
  1566.0004   1557.0004   1620.0004   1690.0003   1759.0000   1632.9997   1689.9997   1820.9997   1852.9996   2044.9996   1981.9996   1849.9998   1748.0002   1064.0002   1121.0002   1019.0002    855.0001    440.0001    137.0000     28.0000  
   13152.9998    14325.0002  
  1064.0001   3347.0002   7019.0001   6884.9998    408.0000   3965.9997     46.0000   4743.0000  
  1806.0003  15882.9980   9789.0017  
21
  1566.0002   1557.0002   1620.0002   1690.0002   1759.0000   1632.9999   1689.9998   1820.9998   1852.9998   2044.9998   1981.9998   1849.9999   1748.0001   1064.0001   1121.0001   1019.0001    855.0001    440.0000    137.0000     28.0000  
   13152.9999    14325.0001  
  1064.0001   3347.0001   7019.0001   6884.9999    408.0000   3965.9999     46.0000   4743.0000  
  1806.0001  15882.9990   9789.0009  
22
  1566.0001   1557.0001   1620.0001   1690.0001   1759.0000   1632.9999   1689.9999   1820.9999   1852.9999   2044.9999   1981.9999   1849.9999   1748.0000   1064.0000   1121.0001   1019.0000    855.0000    440.0000    137.0000     28.0000  
   13152.9999    14325.0001  
  1064.0000   3347.0001   7019.0000   6885.0000    408.0000   3965.9999     46.0000   4743.0000  
  1806.0001  15882.9995   9789.0005  
23
  1566.0001   1557.0001   1620.0001   1690.0000   1759.0000   1633.0000   1690.0000   1821.0000   1852.9999   2044.9999   1981.9999   1850.0000   1748.0000   1064.0000   1121.0000   1019.0000    855.0000    440.0000    137.0000     28.0000  
   13153.0000    14325.0000  
  1064.0000   3347.0000   7019.0000   6885.0000    408.0000   3966.0000     46.0000   4743.0000  
  1806.0000  15882.9997   9789.0002  
24
  1566.0000   1557.0000   1620.0000   1690.0000   1759.0000   1633.0000   1690.0000   1821.0000   1853.0000   2045.0000   1982.0000   1850.0000   1748.0000   1064.0000   1121.0000   1019.0000    855.0000    440.0000    137.0000     28.0000  
   13153.0000    14325.0000  
  1064.0000   3347.0000   7019.0000   6885.0000    408.0000   3966.0000     46.0000   4743.0000  
  1806.0000  15882.9998   9789.0001  
25
  1566.0000   1557.0000   1620.0000   1690.0000   1759.0000   1633.0000   1690.0000   1821.0000   1853.0000   2045.0000   1982.0000   1850.0000   1748.0000   1064.0000   1121.0000   1019.0000    855.0000    440.0000    137.0000     28.0000  
   13153.0000    14325.0000  
  1064.0000   3347.0000   7019.0000   6885.0000    408.0000   3966.0000     46.0000   4743.0000  
  1806.0000  15882.9999   9789.0001  
26
  1566.0000   1557.0000   1620.0000   1690.0000   1759.0000   1633.0000   1690.0000   1821.0000   1853.0000   2045.0000   1982.0000   1850.0000   1748.0000   1064.0000   1121.0000   1019.0000    855.0000    440.0000    137.0000     28.0000  
   13153.0000    14325.0000  
  1064.0000   3347.0000   7019.0000   6885.0000    408.0000   3966.0000     46.0000   4743.0000  
  1806.0000  15883.0000   9789.0000  
27
  1566.0000   1557.0000   1620.0000   1690.0000   1759.0000   1633.0000   1690.0000   1821.0000   1853.0000   2045.0000   1982.0000   1850.0000   1748.0000   1064.0000   1121.0000   1019.0000    855.0000    440.0000    137.0000     28.0000  
   13153.0000    14325.0000  
  1064.0000   3347.0000   7019.0000   6885.0000    408.0000   3966.0000     46.0000   4743.0000  
  1806.0000  15883.0000   9789.0000  
28
  1566.0000   1557.0000   1620.0000   1690.0000   1759.0000   1633.0000   1690.0000   1821.0000   1853.0000   2045.0000   1982.0000   1850.0000   1748.0000   1064.0000   1121.0000   1019.0000    855.0000    440.0000    137.0000     28.0000  
   13153.0000    14325.0000  
  1064.0000   3347.0000   7019.0000   6885.0000    408.0000   3966.0000     46.0000   4743.0000  
  1806.0000  15883.0000   9789.0000  
29
  1566.0000   1557.0000   1620.0000   1690.0000   1759.0000   1633.0000   1690.0000   1821.0000   1853.0000   2045.0000   1982.0000   1850.0000   1748.0000   1064.0000   1121.0000   1019.0000    855.0000    440.0000    137.0000     28.0000  
   13153.0000    14325.0000  
  1064.0000   3347.0000   7019.0000   6885.0000    408.0000   3966.0000     46.0000   4743.0000  
  1806.0000  15883.0000   9789.0000  
30
  1566.0000   1557.0000   1620.0000   1690.0000   1759.0000   1633.0000   1690.0000   1821.0000   1853.0000   2045.0000   1982.0000   1850.0000   1748.0000   1064.0000   1121.0000   1019.0000    855.0000    440.0000    137.0000     28.0000  
   13153.0000    14325.0000  
  1064.0000   3347.0000   7019.0000   6885.0000    408.0000   3966.0000     46.0000   4743.0000  
  1806.0000  15883.0000   9789.0000  
31
  1566.0000   1557.0000   1620.0000   1690.0000   1759.0000   1633.0000   1690.0000   1821.0000   1853.0000   2045.0000   1982.0000   1850.0000   1748.0000   1064.0000   1121.0000   1019.0000    855.0000    440.0000    137.0000     28.0000  
   13153.0000    14325.0000  
  1064.0000   3347.0000   7019.0000   6885.0000    408.0000   3966.0000     46.0000   4743.0000  
  1806.0000  15883.0000   9789.0000  
32
  1566.0000   1557.0000   1620.0000   1690.0000   1759.0000   1633.0000   1690.0000   1821.0000   1853.0000   2045.0000   1982.0000   1850.0000   1748.0000   1064.0000   1121.0000   1019.0000    855.0000    440.0000    137.0000     28.0000  
   13153.0000    14325.0000  
  1064.0000   3347.0000   7019.0000   6885.0000    408.0000   3966.0000     46.0000   4743.0000  
  1806.0000  15883.0000   9789.0000  
33
  1566.0000   1557.0000   1620.0000   1690.0000   1759.0000   1633.0000   1690.0000   1821.0000   1853.0000   2045.0000   1982.0000   1850.0000   1748.0000   1064.0000   1121.0000   1019.0000    855.0000    440.0000    137.0000     28.0000  
   13153.0000    14325.0000  
  1064.0000   3347.0000   7019.0000   6885.0000    408.0000   3966.0000     46.0000   4743.0000  
  1806.0000  15883.0000   9789.0000  
