                    0   10945495.000000002     
                    1   276.12998563762523     
                    2   85.638202875508156     
                    3   46.941695759414415     
                    4   24.932600078555218     
                    5   12.949137703474268     
                    6   6.6294929527228472     
                    7   3.3676166796967411     
                    8   1.7036224934869229     
                    9  0.85987830975555679     
                   10  0.43348666641022859     
                   11  0.21838853297146452     
                   12  0.10998543860073862     
                   13   5.5381272756559505E-002
                   14   2.7883688152453234E-002
                   15   1.4038362165061428E-002
                   16   7.0675960496489982E-003
                   17   3.5581259048121047E-003
                   18   1.7912984723530488E-003
                   19   9.0180589952437002E-004
                   20   4.5400161521437163E-004
                   21   2.2856057338146676E-004
                   22   1.1506547176787029E-004
                   23   5.7928011143398221E-005
                   24   2.9162997128922836E-005
                   25   1.4681677242791744E-005
                   26   7.3912723397404241E-006
                   27   3.7210258431825613E-006
                   28   1.8732947103152885E-006
                   29   9.4308212439581963E-007
