                    0   10948490.000000002     
                    1   110.99843192002190     
                    2   37.884349838735979     
                    3   21.505349956053305     
                    4   11.920111296590287     
                    5   6.4687500628130801     
                    6   3.4509988951998487     
                    7   1.8234978767525836     
                    8  0.95838755865265679     
                    9  0.50230215409107648     
                   10  0.26286639043611321     
                   11  0.13745660423056238     
                   12   7.1848998181923612E-002
                   13   3.7547847214097943E-002
                   14   1.9620151137799850E-002
                   15   1.0251685739933300E-002
                   16   5.3564318232988814E-003
                   17   2.7986547111442518E-003
                   18   1.4622433447792401E-003
                   19   7.6399095782939716E-004
                   20   3.9916813464327123E-004
                   21   2.0855616535407157E-004
                   22   1.0896573510065950E-004
                   23   5.6932040149876713E-005
                   24   2.9745650103888468E-005
                   25   1.5541400559326585E-005
                   26   8.1200148187620996E-006
                   27   4.2425159653578458E-006
                   28   2.2166144811558799E-006
                   29   1.1581285655917577E-006
                   30   6.0509507142410680E-007
