                    0   10946308.000000000     
                    1   159.06874029146351     
                    2   47.726329830493952     
                    3   24.213211648670903     
                    4   13.476432554684038     
                    5   7.6669406800844850     
                    6   4.4031918283196463     
                    7   2.5392042461744269     
                    8   1.4671935072314037     
                    9  0.84862128247472257     
                   10  0.49109956800996879     
                   11  0.28428114304406554     
                   12  0.16458628524644950     
                   13   9.5296389487146499E-002
                   14   5.5179801195205630E-002
                   15   3.1951822526694040E-002
                   16   1.8501965724672550E-002
                   17   1.0713810547179275E-002
                   18   6.2040068096944892E-003
                   19   3.5925419095292977E-003
                   20   2.0803296320764282E-003
                   21   1.2046555649780359E-003
                   22   6.9757976277016651E-004
                   23   4.0394756538752650E-004
                   24   2.3391399243256910E-004
                   25   1.3545263333846248E-004
                   26   7.8436594262828676E-005
                   27   4.5420303727637668E-005
                   28   2.6301548881865907E-005
                   29   1.5230447555442930E-005
                   30   8.8195002370518663E-006
                   31   5.1071093866592260E-006
                   32   2.9573768907717847E-006
                   33   1.7125294344673631E-006
                   34   9.9167424920862108E-007
