                    0   10938584.000000000     
                    1   309.21158576638550     
                    2   106.76328917906626     
                    3   55.198952882016016     
                    4   30.351229906540453     
                    5   17.034612015054847     
                    6   9.6493499231387752     
                    7   5.4901675083007317     
                    8   3.1305303461350631     
                    9   1.7869630209689231     
                   10   1.0206008173633037     
                   11  0.58307537315025371     
                   12  0.33316731245234338     
                   13  0.19038707938721283     
                   14  0.10880104552175028     
                   15   6.2178467074068031E-002
                   16   3.5534750649437001E-002
                   17   2.0308136475857715E-002
                   18   1.1606168352505589E-002
                   19   6.6329814517443429E-003
                   20   3.7907865988846723E-003
                   21   2.1664578901671918E-003
                   22   1.2381446141455860E-003
                   23   7.0760779717918753E-004
                   24   4.0440257509363037E-004
                   25   2.3111879157222134E-004
                   26   1.3208594636382898E-004
                   27   7.5488012495452826E-005
                   28   4.3141911774299574E-005
                   29   2.4655893938130930E-005
                   30   1.4091012218696850E-005
                   31   8.0531075553456509E-006
                   32   4.6024043342617451E-006
                   33   2.6303089926754610E-006
                   34   1.5032386561812184E-006
                   35   8.5911031539947450E-007
