                    0   10942301.000000004     
                    1   270.93003705699761     
                    2   23.518446338722416     
                    3   5.1307363310878076     
                    4   2.0694304867191042     
                    5   1.1653966068747648     
                    6  0.65964648728620767     
                    7  0.36941285552387015     
                    8  0.20489857177252480     
                    9  0.11302369706738583     
                   10   6.2195203327270743E-002
                   11   3.4187542054728223E-002
                   12   1.8783135432222015E-002
                   13   1.0317519484591201E-002
                   14   5.6668467524963028E-003
                   15   3.1123576285393010E-003
                   16   1.7093440268280001E-003
                   17   9.3878445096194055E-004
                   18   5.1558551181845962E-004
                   19   2.8316189336572589E-004
                   20   1.5551367725791297E-004
                   21   8.5408721740827455E-005
                   22   4.6906798591948200E-005
                   23   2.5761392999726904E-005
                   24   1.4148253732790815E-005
                   25   7.7702754404874639E-006
                   26   4.2674630117462038E-006
                   27   2.3437085127628646E-006
                   28   1.2871728227151669E-006
                   29   7.0692071470174851E-007
