                    0   10946446.000000004     
                    1   164.08684091522915     
                    2   27.829217816309431     
                    3   12.831983536023396     
                    4   7.1458658526644285     
                    5   4.0708780297236498     
                    6   2.3372627173479725     
                    7   1.3467068766590136     
                    8  0.77720735055150536     
                    9  0.44889373023333246     
                   10  0.25936745214683421     
                   11  0.14989010971726688     
                   12   8.6631492326138815E-002
                   13   5.0072940080308943E-002
                   14   2.8943018884077413E-002
                   15   1.6729849676169514E-002
                   16   9.6704002359371370E-003
                   17   5.5898381899683724E-003
                   18   3.2311370368198322E-003
                   19   1.8677222496253241E-003
                   20   1.0796168412696159E-003
                   21   6.2406131936822325E-004
                   22   3.6073229559083902E-004
                   23   2.0851767348765518E-004
                   24   1.2053155546725805E-004
                   25   6.9672065422206938E-005
                   26   4.0273245623464858E-005
                   27   2.3279549255372187E-005
                   28   1.3456512538708105E-005
                   29   7.7784036313286700E-006
                   30   4.4962298534413398E-006
                   31   2.5990001097842181E-006
                   32   1.5023278304551789E-006
                   33   8.6840383016457230E-007
