                    0   10946569.000000000     
                    1   216.82563824444978     
                    2   93.537137690038563     
                    3   55.502853034964041     
                    4   33.322317137117537     
                    5   20.144308994623803     
                    6   12.247630993601998     
                    7   7.4769325731352607     
                    8   4.5768951684693819     
                    9   2.8065434100323228     
                   10   1.7228448805719614     
                   11   1.0583160921158605     
                   12  0.65037992792351884     
                   13  0.39978960818480264     
                   14  0.24579060511443473     
                   15  0.15112690302676729     
                   16   9.2927568935203139E-002
                   17   5.7143066208969556E-002
                   18   3.5139247001503789E-002
                   19   2.1608642183725095E-002
                   20   1.3288203398279108E-002
                   21   8.1716050734692812E-003
                   22   5.0251600021495191E-003
                   23   3.0902477149366901E-003
                   24   1.9003659113429748E-003
                   25   1.1686420267900000E-003
                   26   7.1866413625614302E-004
                   27   4.4194738583629178E-004
                   28   2.7177859056518321E-004
                   29   1.6713213722272682E-004
                   30   1.0277907694956358E-004
                   31   6.3204715904546717E-005
                   32   3.8868185411119192E-005
                   33   2.3902264547383148E-005
                   34   1.4698866491869196E-005
                   35   9.0391713634514976E-006
                   36   5.5587026756469065E-006
                   37   3.4183627904399016E-006
                   38   2.1021464223103400E-006
                   39   1.2927305761017179E-006
                   40   7.9497332555934384E-007
