0
   525.1982    494.4743    500.8176    528.0484    555.1177    567.1437    585.9512    602.8010    644.1734    676.5752    638.6354    574.4538    532.5520    392.8757    366.6906    328.2597    248.8819    147.2103     42.9272     12.2126  
 5370234.0000  5581032.0000  
   241.3472   1001.3577   1892.4914   2164.9256    228.0037   1883.0654     43.8090   1510.0000  
   340.6734   5216.6079   3407.7186  
 1
   461.1874    485.3602    513.4053    576.2825    587.6837    480.0717    482.4623    542.4294    651.9214    744.0640    686.9865    599.8431    584.0534    418.8574    382.8196    354.5327    251.2315    127.1232     28.7350      5.9498  
    4478.8858     4486.1142  
   256.8251    960.0953   2241.1639   2394.9449    139.4548   1441.4504     21.0656   1510.0000  
   519.6017   5055.2546   3390.1437  
 2
   476.0258    500.9748    529.9159    513.0408    584.9525    499.0364    501.8300    559.2273    656.1127    734.6442    664.4388    576.4594    584.9909    424.6895    386.8613    355.9304    252.5697    128.2343     29.0541      6.0113  
    4446.8272     4518.1728  
   262.3111    953.7723   2277.9968   2376.4400    135.5799   1427.8734     21.0264   1510.0000  
   519.7747   5044.0318   3401.1934  
 3
   477.0902    502.0950    531.1005    508.7754    587.4055    500.3565    503.3256    560.3557    656.4353    733.6592    662.8901    575.0505    584.3366    424.4039    386.4979    355.5377    252.4118    128.2115     29.0500      6.0109  
    4445.3633     4519.6367  
   262.8518    955.4505   2282.2600   2373.6873    135.0901   1424.6582     21.0022   1510.0000  
   519.3803   5042.9831   3402.6366  
 4
   477.1906    502.2006    531.2122    508.2617    587.8438    500.7265    503.7105    560.6927    656.6686    733.6885    662.7738    574.8988    584.1606    424.2133    386.2325    355.2345    252.1751    128.0902     29.0210      6.0045  
    4445.0366     4519.9634  
   262.9911    955.9428   2282.9161   2373.1087    135.0028   1424.0397     20.9988   1510.0000  
   519.2018   5043.5409   3402.2573  
 5
   477.1381    502.1454    531.1538    508.1285    587.9537    500.8678    503.8575    560.8403    656.8130    733.8021    662.8388    574.9159    584.0828    424.1127    386.1127    355.1079    252.0781    128.0399     29.0091      6.0019  
    4444.9592     4520.0408  
   263.0144    956.0330   2283.0191   2372.9957    134.9907   1423.9483     20.9989   1510.0000  
   519.1091   5044.1148   3401.7762  
 6
   477.0839    502.0882    531.0933    508.0688    587.9841    500.9316    503.9255    560.9142    656.8961    733.8851    662.9028    574.9472    584.0442    424.0606    386.0579    355.0537    252.0381    128.0193     29.0044      6.0009  
    4444.9610     4520.0390  
   263.0126    956.0340   2283.0252   2372.9823    134.9923   1423.9542     20.9993   1510.0000  
   519.0595   5044.4937   3401.4469  
 7
   477.0480    502.0505    531.0534    508.0375    587.9936    500.9635    503.9600    560.9534    656.9426    733.9354    662.9446    574.9694    584.0239    424.0330    386.0308    355.0281    252.0197    128.0100     29.0022      6.0005  
    4444.9745     4520.0255  
   263.0081    956.0226   2283.0173   2372.9866    134.9951   1423.9707     20.9996   1510.0000  
   519.0325   5044.7171   3401.2504  
 8
   477.0268    502.0282    531.0298    508.0205    587.9970    500.9802    503.9782    560.9745    656.9684    733.9642    662.9691    574.9828    584.0131    424.0180    386.0167    355.0151    252.0106    128.0053     29.0012      6.0002  
    4444.9850     4520.0150  
   263.0047    956.0133   2283.0103   2372.9918    134.9972   1423.9829     20.9998   1510.0000  
   519.0178   5044.8434   3401.1387  
 9
   477.0148    502.0156    531.0165    508.0113    587.9985    500.9892    503.9881    560.9860    656.9826    733.9802    662.9829    574.9905    584.0072    424.0099    386.0091    355.0082    252.0057    128.0029     29.0006      6.0001  
    4444.9915     4520.0085  
   263.0027    956.0075   2283.0059   2372.9953    134.9984   1423.9904     20.9999   1510.0000  
   519.0098   5044.9137   3401.0765  
10
   477.0082    502.0086    531.0091    508.0062    587.9992    500.9941    503.9935    560.9923    656.9905    733.9891    662.9906    574.9947    584.0039    424.0054    386.0050    355.0045    252.0031    128.0016     29.0004      6.0001  
    4444.9953     4520.0047  
   263.0015    956.0042   2283.0033   2372.9973    134.9991   1423.9947     20.9999   1510.0000  
   519.0054   5044.9526   3401.0421  
11
   477.0045    502.0047    531.0050    508.0034    587.9996    500.9967    503.9964    560.9958    656.9948    733.9940    662.9948    574.9971    584.0022    424.0030    386.0027    355.0025    252.0017    128.0009     29.0002      6.0000  
    4444.9974     4520.0026  
   263.0008    956.0023   2283.0018   2372.9985    134.9995   1423.9970     21.0000   1510.0000  
   519.0030   5044.9739   3401.0231  
12
   477.0025    502.0026    531.0027    508.0019    587.9998    500.9982    503.9980    560.9977    656.9971    733.9967    662.9972    574.9984    584.0012    424.0016    386.0015    355.0014    252.0009    128.0005     29.0001      6.0000  
    4444.9986     4520.0014  
   263.0004    956.0013   2283.0010   2372.9992    134.9997   1423.9984     21.0000   1510.0000  
   519.0016   5044.9857   3401.0127  
13
   477.0014    502.0014    531.0015    508.0010    587.9999    500.9990    503.9989    560.9987    656.9984    733.9982    662.9984    574.9991    584.0007    424.0009    386.0008    355.0007    252.0005    128.0003     29.0001      6.0000  
    4444.9992     4520.0008  
   263.0002    956.0007   2283.0005   2372.9996    134.9999   1423.9991     21.0000   1510.0000  
   519.0009   5044.9921   3401.0070  
14
   477.0007    502.0008    531.0008    508.0006    587.9999    500.9995    503.9994    560.9993    656.9991    733.9990    662.9991    574.9995    584.0004    424.0005    386.0005    355.0004    252.0003    128.0001     29.0000      6.0000  
    4444.9996     4520.0004  
   263.0001    956.0004   2283.0003   2372.9998    134.9999   1423.9995     21.0000   1510.0000  
   519.0005   5044.9957   3401.0038  
15
   477.0004    502.0004    531.0005    508.0003    588.0000    500.9997    503.9997    560.9996    656.9995    733.9995    662.9995    574.9997    584.0002    424.0003    386.0002    355.0002    252.0002    128.0001     29.0000      6.0000  
    4444.9998     4520.0002  
   263.0001    956.0002   2283.0002   2372.9999    135.0000   1423.9997     21.0000   1510.0000  
   519.0003   5044.9976   3401.0021  
16
   477.0002    502.0002    531.0003    508.0002    588.0000    500.9998    503.9998    560.9998    656.9997    733.9997    662.9997    574.9999    584.0001    424.0001    386.0001    355.0001    252.0001    128.0000     29.0000      6.0000  
    4444.9999     4520.0001  
   263.0000    956.0001   2283.0001   2372.9999    135.0000   1423.9999     21.0000   1510.0000  
   519.0001   5044.9987   3401.0012  
17
   477.0001    502.0001    531.0001    508.0001    588.0000    500.9999    503.9999    560.9999    656.9999    733.9998    662.9999    574.9999    584.0001    424.0001    386.0001    355.0001    252.0000    128.0000     29.0000      6.0000  
    4444.9999     4520.0001  
   263.0000    956.0001   2283.0000   2373.0000    135.0000   1423.9999     21.0000   1510.0000  
   519.0001   5044.9993   3401.0006  
18
   477.0001    502.0001    531.0001    508.0001    588.0000    501.0000    503.9999    560.9999    656.9999    733.9999    662.9999    575.0000    584.0000    424.0000    386.0000    355.0000    252.0000    128.0000     29.0000      6.0000  
    4445.0000     4520.0000  
   263.0000    956.0000   2283.0000   2373.0000    135.0000   1424.0000     21.0000   1510.0000  
   519.0000   5044.9996   3401.0003  
19
   477.0000    502.0000    531.0000    508.0000    588.0000    501.0000    504.0000    561.0000    657.0000    734.0000    663.0000    575.0000    584.0000    424.0000    386.0000    355.0000    252.0000    128.0000     29.0000      6.0000  
    4445.0000     4520.0000  
   263.0000    956.0000   2283.0000   2373.0000    135.0000   1424.0000     21.0000   1510.0000  
   519.0000   5044.9998   3401.0002  
20
   477.0000    502.0000    531.0000    508.0000    588.0000    501.0000    504.0000    561.0000    657.0000    734.0000    663.0000    575.0000    584.0000    424.0000    386.0000    355.0000    252.0000    128.0000     29.0000      6.0000  
    4445.0000     4520.0000  
   263.0000    956.0000   2283.0000   2373.0000    135.0000   1424.0000     21.0000   1510.0000  
   519.0000   5044.9999   3401.0001  
21
   477.0000    502.0000    531.0000    508.0000    588.0000    501.0000    504.0000    561.0000    657.0000    734.0000    663.0000    575.0000    584.0000    424.0000    386.0000    355.0000    252.0000    128.0000     29.0000      6.0000  
    4445.0000     4520.0000  
   263.0000    956.0000   2283.0000   2373.0000    135.0000   1424.0000     21.0000   1510.0000  
   519.0000   5044.9999   3401.0001  
22
   477.0000    502.0000    531.0000    508.0000    588.0000    501.0000    504.0000    561.0000    657.0000    734.0000    663.0000    575.0000    584.0000    424.0000    386.0000    355.0000    252.0000    128.0000     29.0000      6.0000  
    4445.0000     4520.0000  
   263.0000    956.0000   2283.0000   2373.0000    135.0000   1424.0000     21.0000   1510.0000  
   519.0000   5045.0000   3401.0000  
23
   477.0000    502.0000    531.0000    508.0000    588.0000    501.0000    504.0000    561.0000    657.0000    734.0000    663.0000    575.0000    584.0000    424.0000    386.0000    355.0000    252.0000    128.0000     29.0000      6.0000  
    4445.0000     4520.0000  
   263.0000    956.0000   2283.0000   2373.0000    135.0000   1424.0000     21.0000   1510.0000  
   519.0000   5045.0000   3401.0000  
24
   477.0000    502.0000    531.0000    508.0000    588.0000    501.0000    504.0000    561.0000    657.0000    734.0000    663.0000    575.0000    584.0000    424.0000    386.0000    355.0000    252.0000    128.0000     29.0000      6.0000  
    4445.0000     4520.0000  
   263.0000    956.0000   2283.0000   2373.0000    135.0000   1424.0000     21.0000   1510.0000  
   519.0000   5045.0000   3401.0000  
25
   477.0000    502.0000    531.0000    508.0000    588.0000    501.0000    504.0000    561.0000    657.0000    734.0000    663.0000    575.0000    584.0000    424.0000    386.0000    355.0000    252.0000    128.0000     29.0000      6.0000  
    4445.0000     4520.0000  
   263.0000    956.0000   2283.0000   2373.0000    135.0000   1424.0000     21.0000   1510.0000  
   519.0000   5045.0000   3401.0000  
26
   477.0000    502.0000    531.0000    508.0000    588.0000    501.0000    504.0000    561.0000    657.0000    734.0000    663.0000    575.0000    584.0000    424.0000    386.0000    355.0000    252.0000    128.0000     29.0000      6.0000  
    4445.0000     4520.0000  
   263.0000    956.0000   2283.0000   2373.0000    135.0000   1424.0000     21.0000   1510.0000  
   519.0000   5045.0000   3401.0000  
27
   477.0000    502.0000    531.0000    508.0000    588.0000    501.0000    504.0000    561.0000    657.0000    734.0000    663.0000    575.0000    584.0000    424.0000    386.0000    355.0000    252.0000    128.0000     29.0000      6.0000  
    4445.0000     4520.0000  
   263.0000    956.0000   2283.0000   2373.0000    135.0000   1424.0000     21.0000   1510.0000  
   519.0000   5045.0000   3401.0000  
28
   477.0000    502.0000    531.0000    508.0000    588.0000    501.0000    504.0000    561.0000    657.0000    734.0000    663.0000    575.0000    584.0000    424.0000    386.0000    355.0000    252.0000    128.0000     29.0000      6.0000  
    4445.0000     4520.0000  
   263.0000    956.0000   2283.0000   2373.0000    135.0000   1424.0000     21.0000   1510.0000  
   519.0000   5045.0000   3401.0000  
29
   477.0000    502.0000    531.0000    508.0000    588.0000    501.0000    504.0000    561.0000    657.0000    734.0000    663.0000    575.0000    584.0000    424.0000    386.0000    355.0000    252.0000    128.0000     29.0000      6.0000  
    4445.0000     4520.0000  
   263.0000    956.0000   2283.0000   2373.0000    135.0000   1424.0000     21.0000   1510.0000  
   519.0000   5045.0000   3401.0000  
