0
   919.2349    865.4713    876.6189    924.2938    972.1720    993.4210   1026.1445   1055.4390   1127.7495   1184.6420   1118.4918   1006.3294    933.2099    689.0271    643.9675    577.5997    439.2485    260.7598     76.3458     21.8335  
 5370234.0000  5581032.0000  
   411.7415   1742.3375   3334.0759   3786.7936    414.4435   3287.7785     73.8295   2661.0000  
   588.5358   8973.9664   6149.4977  
 1
   847.2200    819.6472    863.3962   1067.0388   1063.2910   1020.1419   1010.4669   1000.9266   1077.9049   1217.0716   1235.3015   1052.1471    932.6503    551.4839    580.3659    531.2973    466.9589    262.5402     80.0494     32.1005  
    7593.7978     8118.2022  
   488.5243   1446.9744   3661.0822   4101.4994    237.1777   3064.2192     51.5227   2661.0000  
   681.0911   8763.5231   6267.3858  
 2
   867.7390    839.4964    884.2968   1007.4270   1069.9547   1031.8120   1010.7802    994.7382   1055.7915   1182.6425   1197.8880   1025.8396    938.7311    565.2160    600.4693    552.3008    490.4487    277.3267     84.9368     34.1647  
    7549.9211     8162.0789  
   487.6053   1432.9243   3705.3197   4096.9889    233.3148   3043.5430     51.3039   2661.0000  
   688.4105   8663.5792   6360.0103  
 3
   877.7532    849.1847    894.5019   1008.4886   1069.4834   1024.2831   1002.9460    986.3453   1045.7792   1170.6609   1186.2823   1019.2470    942.9387    570.6219    606.9962    558.6206    496.3896    280.8222     86.0338     34.6214  
    7549.0579     8162.9421  
   488.7374   1435.5546   3713.0929   4094.9545    232.2667   3035.2435     51.1505   2661.0000  
   692.9733   8607.9536   6411.0731  
 4
   883.4347    854.6811    900.2912   1012.2390   1068.9171   1019.8761    998.2630    981.4730   1040.2558   1164.2976   1180.0901   1015.7067    945.1837    573.4021    610.0722    561.4369    498.8816    282.2395     86.4664     34.7923  
    7546.6835     8165.3165  
   489.6882   1437.8366   3715.8425   4093.6851    231.7127   3031.1513     51.0835   2661.0000  
   695.5555   8576.6210   6439.8235  
 5
   886.6682    857.8092    903.5860   1014.6718   1068.5560   1017.3664    995.5851    978.7013   1037.1429   1160.7338   1176.6172   1013.6985    946.4087    574.9456    611.7559    562.9637    500.2183    282.9945     86.6953     34.8815  
    7545.1085     8166.8915  
   490.2521   1439.1969   3717.2297   4092.9563    231.4042   3028.9132     51.0476   2661.0000  
   697.0248   8558.8239   6456.1513  
 6
   888.5153    859.5963    905.4682   1016.0880   1068.3308   1015.9326    994.0565    977.1218   1035.3733   1158.7106   1174.6441   1012.5493    947.0936    575.8223    612.7120    563.8304    500.9762    283.4222     86.8248     34.9318  
    7544.2010     8167.7990  
   490.5734   1439.9720   3717.9950   4092.5439    231.2304   3027.6581     51.0273   2661.0000  
   697.8655   8548.6652   6465.4693  
 7
   889.5731    860.6196    906.5461   1016.9014   1068.1942   1015.1107    993.1813    976.2184   1034.3622   1157.5553   1173.5171   1011.8902    947.4814    576.3236    613.2596    564.3273    501.4110    283.6675     86.8992     34.9608  
    7543.6859     8168.3141  
   490.7560   1440.4123   3718.4264   4092.3104    231.1317   3026.9475     51.0156   2661.0000  
   698.3478   8542.8485   6470.8037  
 8
   890.1799    861.2067    907.1644   1017.3684   1068.1131   1014.6388    992.6792    975.7003   1033.7827   1156.8935   1172.8715   1011.5118    947.7025    576.6112    613.5742    564.6129    501.6610    283.8086     86.9420     34.9774  
    7543.3928     8168.6072  
   490.8601   1440.6632   3718.6716   4092.1777    231.0755   3026.5429     51.0090   2661.0000  
   698.6249   8539.5114   6473.8637  
 9
   890.5284    861.5438    907.5195   1017.6367   1068.0656   1014.3675    992.3906    975.4027   1033.4500   1156.5136   1172.5010   1011.2943    947.8291    576.7764    613.7550    564.7773    501.8049    283.8898     86.9666     34.9870  
    7543.2254     8168.7746  
   490.9197   1440.8067   3718.8116   4092.1019    231.0434   3026.3116     51.0052   2661.0000  
   698.7842   8537.5944   6475.6214  
10
   890.7288    861.7376    907.7236   1017.7910   1068.0379   1014.2114    992.2247    975.2317   1033.2589   1156.2954   1172.2881   1011.1693    947.9018    576.8714    613.8590    564.8718    501.8877    283.9366     86.9808     34.9925  
    7543.1295     8168.8705  
   490.9539   1440.8889   3718.8918   4092.0585    231.0249   3026.1790     51.0030   2661.0000  
   698.8758   8536.4924   6476.6317  
11
   890.8439    861.8490    907.8410   1017.8798   1068.0219   1014.1217    992.1293    975.1333   1033.1489   1156.1700   1172.1658   1011.0974    947.9435    576.9260    613.9189    564.9262    501.9354    283.9635     86.9889     34.9957  
    7543.0744     8168.9256  
   490.9735   1440.9362   3718.9378   4092.0336    231.0143   3026.1029     51.0017   2661.0000  
   698.9286   8535.8587   6477.2128  
12
   890.9102    861.9131    907.9085   1017.9308   1068.0126   1014.0700    992.0744    975.0767   1033.0857   1156.0978   1172.0954   1011.0561    947.9675    576.9574    613.9533    564.9575    501.9628    283.9790     86.9936     34.9975  
    7543.0428     8168.9572  
   490.9847   1440.9633   3718.9642   4092.0193    231.0082   3026.0592     51.0010   2661.0000  
   698.9589   8535.4941   6477.5470  
13
   890.9483    861.9500    907.9474   1017.9602   1068.0073   1014.0403    992.0428    975.0441   1033.0493   1156.0563   1172.0549   1011.0323    947.9813    576.9755    613.9731    564.9756    501.9786    283.9879     86.9963     34.9986  
    7543.0246     8168.9754  
   490.9912   1440.9789   3718.9794   4092.0111    231.0047   3026.0341     51.0006   2661.0000  
   698.9763   8535.2843   6477.7393  
14
   890.9703    861.9712    907.9697   1017.9771   1068.0042   1014.0232    992.0246    975.0254   1033.0284   1156.0324   1172.0316   1011.0186    947.9892    576.9859    613.9845    564.9859    501.9877    283.9930     86.9979     34.9992  
    7543.0142     8168.9858  
   490.9949   1440.9878   3718.9882   4092.0064    231.0027   3026.0196     51.0003   2661.0000  
   698.9864   8535.1636   6477.8500  
15
   890.9829    861.9834    907.9826   1017.9868   1068.0024   1014.0133    992.0142    975.0146   1033.0163   1156.0186   1172.0182   1011.0107    947.9938    576.9919    613.9911    564.9919    501.9929    283.9960     86.9988     34.9995  
    7543.0082     8168.9918  
   490.9971   1440.9930   3718.9932   4092.0037    231.0016   3026.0113     51.0002   2661.0000  
   698.9922   8535.0942   6477.9137  
16
   890.9902    861.9905    907.9900   1017.9924   1068.0014   1014.0077    992.0082    975.0084   1033.0094   1156.0107   1172.0105   1011.0061    947.9964    576.9953    613.9949    564.9953    501.9959    283.9977     86.9993     34.9997  
    7543.0047     8168.9953  
   490.9983   1440.9960   3718.9961   4092.0021    231.0009   3026.0065     51.0001   2661.0000  
   698.9955   8535.0542   6477.9503  
17
   890.9943    861.9945    907.9942   1017.9956   1068.0008   1014.0044    992.0047    975.0048   1033.0054   1156.0062   1172.0060   1011.0035    947.9979    576.9973    613.9971    564.9973    501.9977    283.9987     86.9996     34.9998  
    7543.0027     8168.9973  
   490.9990   1440.9977   3718.9977   4092.0012    231.0005   3026.0037     51.0001   2661.0000  
   698.9974   8535.0312   6477.9714  
18
   890.9967    861.9968    907.9967   1017.9975   1068.0005   1014.0025    992.0027    975.0028   1033.0031   1156.0036   1172.0035   1011.0020    947.9988    576.9985    613.9983    564.9985    501.9986    283.9992     86.9998     34.9999  
    7543.0016     8168.9984  
   490.9994   1440.9987   3718.9987   4092.0007    231.0003   3026.0021     51.0000   2661.0000  
   698.9985   8535.0179   6477.9835  
19
   890.9981    861.9982    907.9981   1017.9986   1068.0003   1014.0015    992.0016    975.0016   1033.0018   1156.0020   1172.0020   1011.0012    947.9993    576.9991    613.9990    564.9991    501.9992    283.9996     86.9999     34.9999  
    7543.0009     8168.9991  
   490.9997   1440.9992   3718.9993   4092.0004    231.0002   3026.0012     51.0000   2661.0000  
   698.9991   8535.0103   6477.9905  
20
   890.9989    861.9990    907.9989   1017.9992   1068.0002   1014.0008    992.0009    975.0009   1033.0010   1156.0012   1172.0011   1011.0007    947.9996    576.9995    613.9994    564.9995    501.9996    283.9997     86.9999     35.0000  
    7543.0005     8168.9995  
   490.9998   1440.9996   3718.9996   4092.0002    231.0001   3026.0007     51.0000   2661.0000  
   698.9995   8535.0059   6477.9946  
21
   890.9994    861.9994    907.9994   1017.9995   1068.0001   1014.0005    992.0005    975.0005   1033.0006   1156.0007   1172.0007   1011.0004    947.9998    576.9997    613.9997    564.9997    501.9997    283.9999     87.0000     35.0000  
    7543.0003     8168.9997  
   490.9999   1440.9997   3718.9998   4092.0001    231.0001   3026.0004     51.0000   2661.0000  
   698.9997   8535.0034   6477.9969  
22
   890.9996    861.9997    907.9996   1017.9997   1068.0001   1014.0003    992.0003    975.0003   1033.0003   1156.0004   1172.0004   1011.0002    947.9999    576.9998    613.9998    564.9998    501.9999    283.9999     87.0000     35.0000  
    7543.0002     8168.9998  
   490.9999   1440.9999   3718.9999   4092.0001    231.0000   3026.0002     51.0000   2661.0000  
   698.9998   8535.0020   6477.9982  
23
   890.9998    861.9998    907.9998   1017.9998   1068.0000   1014.0002    992.0002    975.0002   1033.0002   1156.0002   1172.0002   1011.0001    947.9999    576.9999    613.9999    564.9999    501.9999    284.0000     87.0000     35.0000  
    7543.0001     8168.9999  
   491.0000   1440.9999   3718.9999   4092.0000    231.0000   3026.0001     51.0000   2661.0000  
   698.9999   8535.0011   6477.9990  
24
   890.9999    861.9999    907.9999   1017.9999   1068.0000   1014.0001    992.0001    975.0001   1033.0001   1156.0001   1172.0001   1011.0001    948.0000    576.9999    613.9999    564.9999    502.0000    284.0000     87.0000     35.0000  
    7543.0001     8168.9999  
   491.0000   1441.0000   3719.0000   4092.0000    231.0000   3026.0001     51.0000   2661.0000  
   698.9999   8535.0007   6477.9994  
25
   890.9999    861.9999    907.9999   1017.9999   1068.0000   1014.0001    992.0001    975.0001   1033.0001   1156.0001   1172.0001   1011.0000    948.0000    577.0000    614.0000    565.0000    502.0000    284.0000     87.0000     35.0000  
    7543.0000     8169.0000  
   491.0000   1441.0000   3719.0000   4092.0000    231.0000   3026.0000     51.0000   2661.0000  
   699.0000   8535.0004   6477.9997  
26
   891.0000    862.0000    908.0000   1018.0000   1068.0000   1014.0000    992.0000    975.0000   1033.0000   1156.0000   1172.0000   1011.0000    948.0000    577.0000    614.0000    565.0000    502.0000    284.0000     87.0000     35.0000  
    7543.0000     8169.0000  
   491.0000   1441.0000   3719.0000   4092.0000    231.0000   3026.0000     51.0000   2661.0000  
   699.0000   8535.0002   6477.9998  
27
   891.0000    862.0000    908.0000   1018.0000   1068.0000   1014.0000    992.0000    975.0000   1033.0000   1156.0000   1172.0000   1011.0000    948.0000    577.0000    614.0000    565.0000    502.0000    284.0000     87.0000     35.0000  
    7543.0000     8169.0000  
   491.0000   1441.0000   3719.0000   4092.0000    231.0000   3026.0000     51.0000   2661.0000  
   699.0000   8535.0001   6477.9999  
28
   891.0000    862.0000    908.0000   1018.0000   1068.0000   1014.0000    992.0000    975.0000   1033.0000   1156.0000   1172.0000   1011.0000    948.0000    577.0000    614.0000    565.0000    502.0000    284.0000     87.0000     35.0000  
    7543.0000     8169.0000  
   491.0000   1441.0000   3719.0000   4092.0000    231.0000   3026.0000     51.0000   2661.0000  
   699.0000   8535.0001   6477.9999  
29
   891.0000    862.0000    908.0000   1018.0000   1068.0000   1014.0000    992.0000    975.0000   1033.0000   1156.0000   1172.0000   1011.0000    948.0000    577.0000    614.0000    565.0000    502.0000    284.0000     87.0000     35.0000  
    7543.0000     8169.0000  
   491.0000   1441.0000   3719.0000   4092.0000    231.0000   3026.0000     51.0000   2661.0000  
   699.0000   8535.0000   6478.0000  
30
   891.0000    862.0000    908.0000   1018.0000   1068.0000   1014.0000    992.0000    975.0000   1033.0000   1156.0000   1172.0000   1011.0000    948.0000    577.0000    614.0000    565.0000    502.0000    284.0000     87.0000     35.0000  
    7543.0000     8169.0000  
   491.0000   1441.0000   3719.0000   4092.0000    231.0000   3026.0000     51.0000   2661.0000  
   699.0000   8535.0000   6478.0000  
31
   891.0000    862.0000    908.0000   1018.0000   1068.0000   1014.0000    992.0000    975.0000   1033.0000   1156.0000   1172.0000   1011.0000    948.0000    577.0000    614.0000    565.0000    502.0000    284.0000     87.0000     35.0000  
    7543.0000     8169.0000  
   491.0000   1441.0000   3719.0000   4092.0000    231.0000   3026.0000     51.0000   2661.0000  
   699.0000   8535.0000   6478.0000  
32
   891.0000    862.0000    908.0000   1018.0000   1068.0000   1014.0000    992.0000    975.0000   1033.0000   1156.0000   1172.0000   1011.0000    948.0000    577.0000    614.0000    565.0000    502.0000    284.0000     87.0000     35.0000  
    7543.0000     8169.0000  
   491.0000   1441.0000   3719.0000   4092.0000    231.0000   3026.0000     51.0000   2661.0000  
   699.0000   8535.0000   6478.0000  
33
   891.0000    862.0000    908.0000   1018.0000   1068.0000   1014.0000    992.0000    975.0000   1033.0000   1156.0000   1172.0000   1011.0000    948.0000    577.0000    614.0000    565.0000    502.0000    284.0000     87.0000     35.0000  
    7543.0000     8169.0000  
   491.0000   1441.0000   3719.0000   4092.0000    231.0000   3026.0000     51.0000   2661.0000  
   699.0000   8535.0000   6478.0000  
34
   891.0000    862.0000    908.0000   1018.0000   1068.0000   1014.0000    992.0000    975.0000   1033.0000   1156.0000   1172.0000   1011.0000    948.0000    577.0000    614.0000    565.0000    502.0000    284.0000     87.0000     35.0000  
    7543.0000     8169.0000  
   491.0000   1441.0000   3719.0000   4092.0000    231.0000   3026.0000     51.0000   2661.0000  
   699.0000   8535.0000   6478.0000  
35
   891.0000    862.0000    908.0000   1018.0000   1068.0000   1014.0000    992.0000    975.0000   1033.0000   1156.0000   1172.0000   1011.0000    948.0000    577.0000    614.0000    565.0000    502.0000    284.0000     87.0000     35.0000  
    7543.0000     8169.0000  
   491.0000   1441.0000   3719.0000   4092.0000    231.0000   3026.0000     51.0000   2661.0000  
   699.0000   8535.0000   6478.0000  
36
   891.0000    862.0000    908.0000   1018.0000   1068.0000   1014.0000    992.0000    975.0000   1033.0000   1156.0000   1172.0000   1011.0000    948.0000    577.0000    614.0000    565.0000    502.0000    284.0000     87.0000     35.0000  
    7543.0000     8169.0000  
   491.0000   1441.0000   3719.0000   4092.0000    231.0000   3026.0000     51.0000   2661.0000  
   699.0000   8535.0000   6478.0000  
37
   891.0000    862.0000    908.0000   1018.0000   1068.0000   1014.0000    992.0000    975.0000   1033.0000   1156.0000   1172.0000   1011.0000    948.0000    577.0000    614.0000    565.0000    502.0000    284.0000     87.0000     35.0000  
    7543.0000     8169.0000  
   491.0000   1441.0000   3719.0000   4092.0000    231.0000   3026.0000     51.0000   2661.0000  
   699.0000   8535.0000   6478.0000  
