0
  1388.7175   1307.4781   1324.2507   1396.2537   1467.8285   1499.6269   1549.3578   1593.9120   1703.3085   1788.9840   1688.6639   1518.9557   1408.1593   1038.8295    969.5896    867.9689    658.0784    389.2419    113.5039     32.2912  
 5370234.0000  5581032.0000  
   564.9652   2411.7873   4815.4216   5762.4648    653.0607   5092.9789    113.3214   4291.0000  
   874.3618  12546.8030  10283.8353  
 1
  1534.2279   1436.7710   1340.3246   1368.3383   1553.8684   1754.2440   1905.6524   1765.6823   1738.7708   1778.3990   1566.2151   1472.3388   1341.4675    798.4968    795.2202    619.3509    505.6107    321.6481     81.4358     26.9373  
   11798.1118    11906.8882  
   437.5247   1762.6400   4786.5725   5512.6063    311.1334   6358.2691    245.2540   4291.0000  
   893.1303  12846.9891   9964.8806  
 2
  1498.6477   1403.4482   1309.2287   1381.9151   1601.4011   1727.5056   1843.2107   1715.9721   1702.8691   1757.4269   1569.7151   1483.8249   1347.2191    814.5396    839.5254    671.5825    558.1574    357.3852     90.8933     30.5322  
   11743.1612    11961.8388  
   416.2158   1677.9386   4705.9693   5554.4786    317.4103   6493.3515    248.6360   4291.0000  
   904.1389  12798.5903  10002.2707  
 3
  1504.2303   1408.6770   1314.1096   1402.5132   1590.4212   1705.8596   1819.2189   1695.6644   1686.2382   1745.6367   1564.1181   1483.5502   1356.0916    824.3544    854.4199    686.4377    572.0758    366.5965     93.3498     31.4368  
   11760.1417    11944.8583  
   413.0079   1665.2209   4686.7758   5565.4178    318.9283   6516.1482    248.5011   4291.0000  
   911.6877  12729.4705  10063.8418  
 4
  1512.3998   1416.3276   1321.2465   1412.5369   1587.4403   1695.7663   1807.7307   1685.1870   1676.4138   1736.6886   1557.4526   1480.0929   1360.5766    829.4470    860.7595    692.1000    577.0699    369.8368     94.1945     31.7326  
   11759.8763    11945.1237  
   412.9433   1664.5237   4684.6465   5567.7115    318.8321   6517.0094    248.3335   4291.0000  
   915.7500  12680.5506  10108.6994  
 5
  1518.2445   1421.8009   1326.3520   1417.3596   1586.5969   1690.5699   1801.6968   1679.4671   1670.7114   1731.0189   1552.8224   1477.3254   1362.9611    832.2658    863.9649    694.7768    579.3403    371.2975     94.5689     31.8588  
   11757.8653    11947.1347  
   413.2818   1665.5718   4685.7535   5568.1172    318.5474   6514.5240    248.2042   4291.0000  
   918.0069  12650.3324  10136.6607  
 6
  1521.8788   1425.2042   1329.5266   1419.8513   1586.2961   1687.7315   1798.3767   1676.2639   1667.4311   1727.6434   1549.9774   1475.5471   1364.2757    833.8612    865.7095    696.1857    580.5109    372.0477     94.7594     31.9217  
   11756.3281    11948.6719  
   413.5616   1666.5048   4686.9590   5568.1346    318.3306   6512.3888    248.1206   4291.0000  
   919.2845  12632.4870  10153.2285  
 7
  1524.0334   1427.2219   1331.4087   1421.2114   1586.1615   1686.1357   1796.5057   1674.4452   1665.5474   1725.6779   1548.3002   1474.4798   1365.0150    834.7719    866.6893    696.9653    581.1526    372.4583     94.8633     31.9556  
   11755.3618    11949.6382  
   413.7420   1667.1175   4687.7862   5568.0932    318.1937   6510.9972    248.0702   4291.0000  
   920.0143  12622.1200  10162.8657  
 8
  1525.2880   1428.3968   1332.5045   1421.9760   1586.0916   1685.2265   1795.4391   1673.4052   1664.4654   1724.5423   1547.3263   1473.8551   1365.4352    835.2938    867.2473    697.4066    581.5144    372.6896     94.9217     31.9746  
   11754.7882    11950.2118  
   413.8503   1667.4872   4688.2928   5568.0573    318.1122   6510.1596    248.0406   4291.0000  
   920.4330  12616.1336  10168.4334  
 9
  1526.0133   1429.0760   1333.1382   1422.4117   1586.0527   1684.7055   1794.8277   1672.8084   1663.8433   1723.8880   1546.7640   1473.4931   1365.6755    835.5936    867.5671    697.6588    581.7209    372.8216     94.9550     31.9854  
   11754.4545    11950.5455  
   413.9136   1667.7038   4688.5911   5568.0338    318.0648   6509.6696    248.0234   4291.0000  
   920.6736  12612.6839  10171.6425  
10
  1526.4317   1429.4678   1333.5036   1422.6616   1586.0304   1684.4061   1794.4764   1672.4653   1663.4855   1723.5113   1546.4400   1473.2841   1365.8133    835.7661    867.7508    697.8036    581.8394    372.8973     94.9741     31.9916  
   11754.2618    11950.7382  
   413.9502   1667.8293   4688.7642   5568.0196    318.0373   6509.3859    248.0135   4291.0000  
   920.8121  12610.6973  10173.4907  
11
  1526.6727   1429.6935   1333.7141   1422.8052   1586.0176   1684.2338   1794.2743   1672.2679   1663.2795   1723.2944   1546.2534   1473.1637   1365.8926    835.8653    867.8565    697.8869    581.9075    372.9409     94.9851     31.9952  
   11754.1507    11950.8493  
   413.9713   1667.9017   4688.8642   5568.0113    318.0215   6509.2223    248.0078   4291.0000  
   920.8918  12609.5533  10174.5549  
12
  1526.8115   1429.8235   1333.8353   1422.8878   1586.0101   1684.1347   1794.1580   1672.1543   1663.1610   1723.1696   1546.1459   1473.0943   1365.9382    835.9224    867.9174    697.9349    581.9467    372.9660     94.9914     31.9972  
   11754.0868    11950.9132  
   413.9835   1667.9434   4688.9218   5568.0065    318.0124   6509.1280    248.0045   4291.0000  
   920.9377  12608.8946  10175.1678  
13
  1526.8914   1429.8983   1333.9052   1422.9354   1586.0059   1684.0776   1794.0910   1672.0889   1663.0927   1723.0977   1546.0840   1473.0543   1365.9644    835.9553    867.9524    697.9625    581.9693    372.9804     94.9951     31.9984  
   11754.0500    11950.9500  
   413.9905   1667.9674   4688.9550   5568.0038    318.0071   6509.0737    248.0026   4291.0000  
   920.9641  12608.5152  10175.5207  
14
  1526.9375   1429.9414   1333.9454   1422.9628   1586.0034   1684.0447   1794.0524   1672.0512   1663.0534   1723.0562   1546.0484   1473.0313   1365.9795    835.9743    867.9726    697.9784    581.9823    372.9887     94.9972     31.9991  
   11754.0288    11950.9712  
   413.9945   1667.9812   4688.9741   5568.0022    318.0041   6509.0424    248.0015   4291.0000  
   920.9793  12608.2967  10175.7239  
15
  1526.9640   1429.9663   1333.9685   1422.9786   1586.0019   1684.0257   1794.0302   1672.0295   1663.0308   1723.0324   1546.0279   1473.0180   1365.9882    835.9852    867.9842    697.9876    581.9898    372.9935     94.9984     31.9995  
   11754.0166    11950.9834  
   413.9968   1667.9892   4688.9851   5568.0012    318.0024   6509.0244    248.0009   4291.0000  
   920.9881  12608.1709  10175.8410  
16
  1526.9793   1429.9806   1333.9819   1422.9877   1586.0011   1684.0148   1794.0174   1672.0170   1663.0177   1723.0187   1546.0161   1473.0104   1365.9932    835.9915    867.9909    697.9928    581.9941    372.9963     94.9991     31.9997  
   11754.0095    11950.9905  
   413.9982   1667.9938   4688.9914   5568.0007    318.0014   6509.0141    248.0005   4291.0000  
   920.9931  12608.0984  10175.9084  
17
  1526.9881   1429.9888   1333.9896   1422.9929   1586.0006   1684.0085   1794.0100   1672.0098   1663.0102   1723.0107   1546.0092   1473.0060   1365.9961    835.9951    867.9948    697.9959    581.9966    372.9978     94.9995     31.9998  
   11754.0055    11950.9945  
   413.9990   1667.9964   4688.9950   5568.0004    318.0008   6509.0081    248.0003   4291.0000  
   920.9960  12608.0567  10175.9473  
18
  1526.9931   1429.9936   1333.9940   1422.9959   1586.0004   1684.0049   1794.0058   1672.0056   1663.0059   1723.0062   1546.0053   1473.0034   1365.9977    835.9972    867.9970    697.9976    581.9981    372.9988     94.9997     31.9999  
   11754.0032    11950.9968  
   413.9994   1667.9979   4688.9971   5568.0002    318.0005   6509.0047    248.0002   4291.0000  
   920.9977  12608.0327  10175.9696  
19
  1526.9960   1429.9963   1333.9965   1422.9976   1586.0002   1684.0028   1794.0033   1672.0032   1663.0034   1723.0036   1546.0031   1473.0020   1365.9987    835.9984    867.9983    697.9986    581.9989    372.9993     94.9998     31.9999  
   11754.0018    11950.9982  
   413.9997   1667.9988   4688.9984   5568.0001    318.0003   6509.0027    248.0001   4291.0000  
   920.9987  12608.0188  10175.9825  
20
  1526.9977   1429.9979   1333.9980   1422.9986   1586.0001   1684.0016   1794.0019   1672.0019   1663.0019   1723.0021   1546.0018   1473.0011   1365.9993    835.9991    867.9990    697.9992    581.9994    372.9996     94.9999     32.0000  
   11754.0011    11950.9989  
   413.9998   1667.9993   4688.9991   5568.0001    318.0001   6509.0015    248.0001   4291.0000  
   920.9992  12608.0108  10175.9899  
21
  1526.9987   1429.9988   1333.9989   1422.9992   1586.0001   1684.0009   1794.0011   1672.0011   1663.0011   1723.0012   1546.0010   1473.0007   1365.9996    835.9995    867.9994    697.9995    581.9996    372.9998     94.9999     32.0000  
   11754.0006    11950.9994  
   413.9999   1667.9996   4688.9995   5568.0000    318.0001   6509.0009    248.0000   4291.0000  
   920.9996  12608.0062  10175.9942  
22
  1526.9992   1429.9993   1333.9993   1422.9995   1586.0000   1684.0005   1794.0006   1672.0006   1663.0006   1723.0007   1546.0006   1473.0004   1365.9998    835.9997    867.9997    697.9997    581.9998    372.9999     95.0000     32.0000  
   11754.0003    11950.9997  
   413.9999   1667.9998   4688.9997   5568.0000    318.0000   6509.0005    248.0000   4291.0000  
   920.9997  12608.0036  10175.9967  
23
  1526.9996   1429.9996   1333.9996   1422.9997   1586.0000   1684.0003   1794.0004   1672.0004   1663.0004   1723.0004   1546.0003   1473.0002   1365.9999    835.9998    867.9998    697.9998    581.9999    372.9999     95.0000     32.0000  
   11754.0002    11950.9998  
   414.0000   1667.9999   4688.9998   5568.0000    318.0000   6509.0003    248.0000   4291.0000  
   920.9999  12608.0021  10175.9981  
24
  1526.9997   1429.9998   1333.9998   1422.9999   1586.0000   1684.0002   1794.0002   1672.0002   1663.0002   1723.0002   1546.0002   1473.0001   1365.9999    835.9999    867.9999    697.9999    581.9999    373.0000     95.0000     32.0000  
   11754.0001    11950.9999  
   414.0000   1667.9999   4688.9999   5568.0000    318.0000   6509.0002    248.0000   4291.0000  
   920.9999  12608.0012  10175.9989  
25
  1526.9999   1429.9999   1333.9999   1422.9999   1586.0000   1684.0001   1794.0001   1672.0001   1663.0001   1723.0001   1546.0001   1473.0001   1366.0000    835.9999    867.9999    698.0000    582.0000    373.0000     95.0000     32.0000  
   11754.0001    11950.9999  
   414.0000   1668.0000   4688.9999   5568.0000    318.0000   6509.0001    248.0000   4291.0000  
   921.0000  12608.0007  10175.9994  
26
  1526.9999   1429.9999   1333.9999   1423.0000   1586.0000   1684.0001   1794.0001   1672.0001   1663.0001   1723.0001   1546.0001   1473.0000   1366.0000    836.0000    868.0000    698.0000    582.0000    373.0000     95.0000     32.0000  
   11754.0000    11951.0000  
   414.0000   1668.0000   4689.0000   5568.0000    318.0000   6509.0001    248.0000   4291.0000  
   921.0000  12608.0004  10175.9996  
27
  1527.0000   1430.0000   1334.0000   1423.0000   1586.0000   1684.0000   1794.0000   1672.0000   1663.0000   1723.0000   1546.0000   1473.0000   1366.0000    836.0000    868.0000    698.0000    582.0000    373.0000     95.0000     32.0000  
   11754.0000    11951.0000  
   414.0000   1668.0000   4689.0000   5568.0000    318.0000   6509.0000    248.0000   4291.0000  
   921.0000  12608.0002  10175.9998  
28
  1527.0000   1430.0000   1334.0000   1423.0000   1586.0000   1684.0000   1794.0000   1672.0000   1663.0000   1723.0000   1546.0000   1473.0000   1366.0000    836.0000    868.0000    698.0000    582.0000    373.0000     95.0000     32.0000  
   11754.0000    11951.0000  
   414.0000   1668.0000   4689.0000   5568.0000    318.0000   6509.0000    248.0000   4291.0000  
   921.0000  12608.0001  10175.9999  
29
  1527.0000   1430.0000   1334.0000   1423.0000   1586.0000   1684.0000   1794.0000   1672.0000   1663.0000   1723.0000   1546.0000   1473.0000   1366.0000    836.0000    868.0000    698.0000    582.0000    373.0000     95.0000     32.0000  
   11754.0000    11951.0000  
   414.0000   1668.0000   4689.0000   5568.0000    318.0000   6509.0000    248.0000   4291.0000  
   921.0000  12608.0001  10175.9999  
30
  1527.0000   1430.0000   1334.0000   1423.0000   1586.0000   1684.0000   1794.0000   1672.0000   1663.0000   1723.0000   1546.0000   1473.0000   1366.0000    836.0000    868.0000    698.0000    582.0000    373.0000     95.0000     32.0000  
   11754.0000    11951.0000  
   414.0000   1668.0000   4689.0000   5568.0000    318.0000   6509.0000    248.0000   4291.0000  
   921.0000  12608.0000  10176.0000  
31
  1527.0000   1430.0000   1334.0000   1423.0000   1586.0000   1684.0000   1794.0000   1672.0000   1663.0000   1723.0000   1546.0000   1473.0000   1366.0000    836.0000    868.0000    698.0000    582.0000    373.0000     95.0000     32.0000  
   11754.0000    11951.0000  
   414.0000   1668.0000   4689.0000   5568.0000    318.0000   6509.0000    248.0000   4291.0000  
   921.0000  12608.0000  10176.0000  
32
  1527.0000   1430.0000   1334.0000   1423.0000   1586.0000   1684.0000   1794.0000   1672.0000   1663.0000   1723.0000   1546.0000   1473.0000   1366.0000    836.0000    868.0000    698.0000    582.0000    373.0000     95.0000     32.0000  
   11754.0000    11951.0000  
   414.0000   1668.0000   4689.0000   5568.0000    318.0000   6509.0000    248.0000   4291.0000  
   921.0000  12608.0000  10176.0000  
33
  1527.0000   1430.0000   1334.0000   1423.0000   1586.0000   1684.0000   1794.0000   1672.0000   1663.0000   1723.0000   1546.0000   1473.0000   1366.0000    836.0000    868.0000    698.0000    582.0000    373.0000     95.0000     32.0000  
   11754.0000    11951.0000  
   414.0000   1668.0000   4689.0000   5568.0000    318.0000   6509.0000    248.0000   4291.0000  
   921.0000  12608.0000  10176.0000  
34
  1527.0000   1430.0000   1334.0000   1423.0000   1586.0000   1684.0000   1794.0000   1672.0000   1663.0000   1723.0000   1546.0000   1473.0000   1366.0000    836.0000    868.0000    698.0000    582.0000    373.0000     95.0000     32.0000  
   11754.0000    11951.0000  
   414.0000   1668.0000   4689.0000   5568.0000    318.0000   6509.0000    248.0000   4291.0000  
   921.0000  12608.0000  10176.0000  
35
  1527.0000   1430.0000   1334.0000   1423.0000   1586.0000   1684.0000   1794.0000   1672.0000   1663.0000   1723.0000   1546.0000   1473.0000   1366.0000    836.0000    868.0000    698.0000    582.0000    373.0000     95.0000     32.0000  
   11754.0000    11951.0000  
   414.0000   1668.0000   4689.0000   5568.0000    318.0000   6509.0000    248.0000   4291.0000  
   921.0000  12608.0000  10176.0000  
36
  1527.0000   1430.0000   1334.0000   1423.0000   1586.0000   1684.0000   1794.0000   1672.0000   1663.0000   1723.0000   1546.0000   1473.0000   1366.0000    836.0000    868.0000    698.0000    582.0000    373.0000     95.0000     32.0000  
   11754.0000    11951.0000  
   414.0000   1668.0000   4689.0000   5568.0000    318.0000   6509.0000    248.0000   4291.0000  
   921.0000  12608.0000  10176.0000  
37
  1527.0000   1430.0000   1334.0000   1423.0000   1586.0000   1684.0000   1794.0000   1672.0000   1663.0000   1723.0000   1546.0000   1473.0000   1366.0000    836.0000    868.0000    698.0000    582.0000    373.0000     95.0000     32.0000  
   11754.0000    11951.0000  
   414.0000   1668.0000   4689.0000   5568.0000    318.0000   6509.0000    248.0000   4291.0000  
   921.0000  12608.0000  10176.0000  
38
  1527.0000   1430.0000   1334.0000   1423.0000   1586.0000   1684.0000   1794.0000   1672.0000   1663.0000   1723.0000   1546.0000   1473.0000   1366.0000    836.0000    868.0000    698.0000    582.0000    373.0000     95.0000     32.0000  
   11754.0000    11951.0000  
   414.0000   1668.0000   4689.0000   5568.0000    318.0000   6509.0000    248.0000   4291.0000  
   921.0000  12608.0000  10176.0000  
