                    0   10932776.000000006     
                    1   576.28624046266282     
                    2   88.597490369480965     
                    3   21.343398690073432     
                    4   5.5539610598514377     
                    5   1.5384200831070876     
                    6  0.49215407972229103     
                    7  0.19512288245733148     
                    8   9.2314600134858094E-002
                    9   4.8039886840070420E-002
                   10   2.6065232156644920E-002
                   11   1.4399339370024116E-002
                   12   8.0108898452933477E-003
                   13   4.4706460259729148E-003
                   14   2.4981478796812242E-003
                   15   1.3967183487113553E-003
                   16   7.8110067051482472E-004
                   17   4.3687050582283155E-004
                   18   2.4435400874395739E-004
                   19   1.3667701719575153E-004
                   20   7.6449680204342639E-005
                   21   4.2761962739001035E-005
                   22   2.3918854226306170E-005
                   23   1.3378997249989489E-005
                   24   7.4835360632170052E-006
                   25   4.1859130952130209E-006
                   26   2.3413892909947276E-006
                   27   1.3096548725517049E-006
                   28   7.3255190810627216E-007
