0
   185.8403    174.9681    177.2099    186.8447    196.3933    200.6367    207.3033    213.2773    227.9230    239.3775    225.9374    203.2165    188.3766    138.9352    129.6236    115.9714     87.8491     51.9048     15.1173      4.2941  
 5370234.0000  5581032.0000  
    87.3422    366.8355    694.5400    756.0266     79.7376    647.3890     15.1291    524.0000  
   117.7118   1919.4704   1133.8179  
 1
   143.5974    161.6605    167.9846    218.5685    199.9536    191.9883    166.0136    183.8852    217.5333    248.1562    255.9171    229.4817    212.0568    121.0992    146.4667    113.2808    101.1267     59.7038     26.3711      6.1549  
    1599.5771     1571.4229  
   114.7950    410.3257    740.5644    837.0426     51.9970    481.9980     10.2772    524.0000  
   152.7018   1800.8715   1217.4268  
 2
   153.0778    172.3332    179.0736    214.4290    201.3590    197.2627    168.3319    184.2360    212.8028    238.6535    242.4111    219.0703    214.6730    123.9935    147.2685    112.0709     99.3895     58.6775     25.8949      5.9914  
    1593.1497     1577.8503  
   120.4909    423.3847    753.5584    823.1086     49.2205    467.1354     10.1015    524.0000  
   154.7035   1765.1528   1251.1436  
 3
   156.1873    175.8336    182.7102    215.7473    202.8900    196.6770    167.6048    182.9830    210.6301    235.3093    238.4867    216.3223    215.1840    124.8054    147.7362    112.1505     99.3196     58.6128     25.8412      5.9686  
    1589.2774     1581.7226  
   122.0340    428.1173    756.5259    819.1444     48.4622    462.6712     10.0451    524.0000  
   155.6560   1750.0508   1265.2932  
 4
   157.5390    177.3553    184.2911    216.7155    203.1425    196.0635    166.9914    182.1734    209.4840    233.7789    236.8150    215.1901    215.5089    125.2910    148.1843    112.4122     99.5027     58.7111     25.8766      5.9735  
    1587.9672     1583.0328  
   122.5774    429.7701    757.4003    817.8651     48.2043    461.1603     10.0225    524.0000  
   156.2168   1742.7618   1272.0214  
 5
   158.1993    178.0986    185.0635    217.2694    203.1380    195.6410    166.5909    181.6864    208.8495    232.9944    235.9973    214.6483    215.7098    125.5832    148.5023    112.6313     99.6817     58.8136     25.9193      5.9822  
    1587.4599     1583.5401  
   122.7934    430.4102    757.7169    817.3981     48.1013    460.5680     10.0121    524.0000  
   156.5445   1738.9333   1275.5223  
 6
   158.5483    178.4914    185.4716    217.5812    203.0954    195.3785    166.3471    181.3997    208.4898    232.5667    235.5635    214.3648    215.8302    125.7565    148.7042    112.7782     99.8068     58.8865     25.9506      5.9890  
    1587.2384     1583.7616  
   122.8909    430.6921    757.8530    817.2024     48.0541    460.3008     10.0068    524.0000  
   156.7353   1736.8217   1277.4430  
 7
   158.7413    178.7088    185.6974    217.7584    203.0596    195.2215    166.2026    181.2324    208.2834    232.3261    235.3229    214.2087    215.9011    125.8582    148.8263    112.8691     99.8855     58.9326     25.9706      5.9934  
    1587.1304     1583.8696  
   122.9396    430.8309    757.9194    817.1096     48.0301    460.1666     10.0038    524.0000  
   156.8462   1735.6267   1278.5271  
 8
   158.8508    178.8320    185.8255    217.8602    203.0358    195.1291    166.1179    181.1350    208.1643    232.1885    235.1863    214.1203    215.9425    125.9176    148.8986    112.9234     99.9329     58.9605     25.9827      5.9961  
    1587.0735     1583.9265  
   122.9658    430.9045    757.9545    817.0614     48.0171    460.0945     10.0022    524.0000  
   156.9107   1734.9414   1279.1480  
 9
   158.9136    178.9027    185.8990    217.9189    203.0212    195.0751    166.0686    181.0784    208.0953    232.1093    235.1079    214.0696    215.9666    125.9521    148.9410    112.9553     99.9608     58.9769     25.9899      5.9977  
    1587.0420     1583.9580  
   122.9804    430.9453    757.9739    817.0350     48.0098    460.0543     10.0013    524.0000  
   156.9481   1734.5458   1279.5061  
10
   158.9499    178.9436    185.9414    217.9530    203.0124    195.0437    166.0399    181.0456    208.0553    232.0634    235.0626    214.0404    215.9806    125.9722    148.9657    112.9740     99.9772     58.9866     25.9941      5.9987  
    1587.0242     1583.9758  
   122.9887    430.9684    757.9850    817.0202     48.0057    460.0313     10.0007    524.0000  
   156.9699   1734.3168   1279.7134  
11
   158.9709    178.9673    185.9660    217.9727    203.0072    195.0254    166.0232    181.0265    208.0321    232.0368    235.0363    214.0234    215.9887    125.9838    148.9800    112.9849     99.9867     58.9922     25.9966      5.9992  
    1587.0140     1583.9860  
   122.9934    430.9817    757.9913    817.0117     48.0033    460.0181     10.0004    524.0000  
   156.9825   1734.1839   1279.8336  
12
   158.9831    178.9810    185.9802    217.9841    203.0042    195.0147    166.0135    181.0154    208.0187    232.0214    235.0211    214.0136    215.9935    125.9906    148.9884    112.9912     99.9923     58.9955     25.9980      5.9996  
    1587.0081     1583.9919  
   122.9962    430.9894    757.9950    817.0068     48.0019    460.0105     10.0003    524.0000  
   156.9898   1734.1068   1279.9033  
13
   158.9902    178.9890    185.9885    217.9908    203.0024    195.0086    166.0078    181.0089    208.0108    232.0124    235.0122    214.0079    215.9962    125.9945    148.9933    112.9949     99.9955     58.9974     25.9988      5.9997  
    1587.0047     1583.9953  
   122.9978    430.9938    757.9971    817.0039     48.0011    460.0061     10.0001    524.0000  
   156.9941   1734.0621   1279.9439  
14
   158.9943    178.9936    185.9933    217.9946    203.0014    195.0050    166.0045    181.0052    208.0063    232.0072    235.0071    214.0046    215.9978    125.9968    148.9961    112.9970     99.9974     58.9985     25.9993      5.9998  
    1587.0027     1583.9973  
   122.9987    430.9964    757.9983    817.0023     48.0006    460.0035     10.0001    524.0000  
   156.9966   1734.0361   1279.9674  
15
   158.9967    178.9963    185.9961    217.9969    203.0008    195.0029    166.0026    181.0030    208.0037    232.0042    235.0041    214.0027    215.9987    125.9982    148.9977    112.9983     99.9985     58.9991     25.9996      5.9999  
    1587.0016     1583.9984  
   122.9993    430.9979    757.9990    817.0013     48.0004    460.0021     10.0000    524.0000  
   156.9980   1734.0209   1279.9811  
16
   158.9981    178.9978    185.9978    217.9982    203.0005    195.0017    166.0015    181.0018    208.0021    232.0024    235.0024    214.0015    215.9993    125.9989    148.9987    112.9990     99.9991     58.9995     25.9998      5.9999  
    1587.0009     1583.9991  
   122.9996    430.9988    757.9994    817.0008     48.0002    460.0012     10.0000    524.0000  
   156.9988   1734.0122   1279.9890  
17
   158.9989    178.9987    185.9987    217.9990    203.0003    195.0010    166.0009    181.0010    208.0012    232.0014    235.0014    214.0009    215.9996    125.9994    148.9992    112.9994     99.9995     58.9997     25.9999      6.0000  
    1587.0005     1583.9995  
   122.9997    430.9993    757.9997    817.0004     48.0001    460.0007     10.0000    524.0000  
   156.9993   1734.0071   1279.9936  
18
   158.9994    178.9993    185.9992    217.9994    203.0002    195.0006    166.0005    181.0006    208.0007    232.0008    235.0008    214.0005    215.9997    125.9996    148.9996    112.9997     99.9997     58.9998     25.9999      6.0000  
    1587.0003     1583.9997  
   122.9999    430.9996    757.9998    817.0003     48.0001    460.0004     10.0000    524.0000  
   156.9996   1734.0041   1279.9963  
19
   158.9996    178.9996    185.9996    217.9996    203.0001    195.0003    166.0003    181.0003    208.0004    232.0005    235.0005    214.0003    215.9999    125.9998    148.9997    112.9998     99.9998     58.9999     26.0000      6.0000  
    1587.0002     1583.9998  
   122.9999    430.9998    757.9999    817.0002     48.0000    460.0002     10.0000    524.0000  
   156.9998   1734.0024   1279.9978  
20
   158.9998    178.9998    185.9997    217.9998    203.0001    195.0002    166.0002    181.0002    208.0002    232.0003    235.0003    214.0002    215.9999    125.9999    148.9998    112.9999     99.9999     58.9999     26.0000      6.0000  
    1587.0001     1583.9999  
   123.0000    430.9999    757.9999    817.0001     48.0000    460.0001     10.0000    524.0000  
   156.9999   1734.0014   1279.9987  
21
   158.9999    178.9999    185.9999    217.9999    203.0000    195.0001    166.0001    181.0001    208.0001    232.0002    235.0002    214.0001    216.0000    125.9999    148.9999    112.9999     99.9999     59.0000     26.0000      6.0000  
    1587.0001     1583.9999  
   123.0000    430.9999    758.0000    817.0001     48.0000    460.0001     10.0000    524.0000  
   156.9999   1734.0008   1279.9993  
22
   158.9999    178.9999    185.9999    217.9999    203.0000    195.0001    166.0001    181.0001    208.0001    232.0001    235.0001    214.0001    216.0000    126.0000    148.9999    113.0000    100.0000     59.0000     26.0000      6.0000  
    1587.0000     1584.0000  
   123.0000    431.0000    758.0000    817.0000     48.0000    460.0000     10.0000    524.0000  
   157.0000   1734.0005   1279.9996  
23
   159.0000    179.0000    185.9999    218.0000    203.0000    195.0000    166.0000    181.0000    208.0000    232.0001    235.0001    214.0000    216.0000    126.0000    149.0000    113.0000    100.0000     59.0000     26.0000      6.0000  
    1587.0000     1584.0000  
   123.0000    431.0000    758.0000    817.0000     48.0000    460.0000     10.0000    524.0000  
   157.0000   1734.0003   1279.9998  
24
   159.0000    179.0000    186.0000    218.0000    203.0000    195.0000    166.0000    181.0000    208.0000    232.0000    235.0000    214.0000    216.0000    126.0000    149.0000    113.0000    100.0000     59.0000     26.0000      6.0000  
    1587.0000     1584.0000  
   123.0000    431.0000    758.0000    817.0000     48.0000    460.0000     10.0000    524.0000  
   157.0000   1734.0002   1279.9999  
25
   159.0000    179.0000    186.0000    218.0000    203.0000    195.0000    166.0000    181.0000    208.0000    232.0000    235.0000    214.0000    216.0000    126.0000    149.0000    113.0000    100.0000     59.0000     26.0000      6.0000  
    1587.0000     1584.0000  
   123.0000    431.0000    758.0000    817.0000     48.0000    460.0000     10.0000    524.0000  
   157.0000   1734.0001   1279.9999  
26
   159.0000    179.0000    186.0000    218.0000    203.0000    195.0000    166.0000    181.0000    208.0000    232.0000    235.0000    214.0000    216.0000    126.0000    149.0000    113.0000    100.0000     59.0000     26.0000      6.0000  
    1587.0000     1584.0000  
   123.0000    431.0000    758.0000    817.0000     48.0000    460.0000     10.0000    524.0000  
   157.0000   1734.0001   1280.0000  
27
   159.0000    179.0000    186.0000    218.0000    203.0000    195.0000    166.0000    181.0000    208.0000    232.0000    235.0000    214.0000    216.0000    126.0000    149.0000    113.0000    100.0000     59.0000     26.0000      6.0000  
    1587.0000     1584.0000  
   123.0000    431.0000    758.0000    817.0000     48.0000    460.0000     10.0000    524.0000  
   157.0000   1734.0000   1280.0000  
28
   159.0000    179.0000    186.0000    218.0000    203.0000    195.0000    166.0000    181.0000    208.0000    232.0000    235.0000    214.0000    216.0000    126.0000    149.0000    113.0000    100.0000     59.0000     26.0000      6.0000  
    1587.0000     1584.0000  
   123.0000    431.0000    758.0000    817.0000     48.0000    460.0000     10.0000    524.0000  
   157.0000   1734.0000   1280.0000  
29
   159.0000    179.0000    186.0000    218.0000    203.0000    195.0000    166.0000    181.0000    208.0000    232.0000    235.0000    214.0000    216.0000    126.0000    149.0000    113.0000    100.0000     59.0000     26.0000      6.0000  
    1587.0000     1584.0000  
   123.0000    431.0000    758.0000    817.0000     48.0000    460.0000     10.0000    524.0000  
   157.0000   1734.0000   1280.0000  
30
   159.0000    179.0000    186.0000    218.0000    203.0000    195.0000    166.0000    181.0000    208.0000    232.0000    235.0000    214.0000    216.0000    126.0000    149.0000    113.0000    100.0000     59.0000     26.0000      6.0000  
    1587.0000     1584.0000  
   123.0000    431.0000    758.0000    817.0000     48.0000    460.0000     10.0000    524.0000  
   157.0000   1734.0000   1280.0000  
31
   159.0000    179.0000    186.0000    218.0000    203.0000    195.0000    166.0000    181.0000    208.0000    232.0000    235.0000    214.0000    216.0000    126.0000    149.0000    113.0000    100.0000     59.0000     26.0000      6.0000  
    1587.0000     1584.0000  
   123.0000    431.0000    758.0000    817.0000     48.0000    460.0000     10.0000    524.0000  
   157.0000   1734.0000   1280.0000  
32
   159.0000    179.0000    186.0000    218.0000    203.0000    195.0000    166.0000    181.0000    208.0000    232.0000    235.0000    214.0000    216.0000    126.0000    149.0000    113.0000    100.0000     59.0000     26.0000      6.0000  
    1587.0000     1584.0000  
   123.0000    431.0000    758.0000    817.0000     48.0000    460.0000     10.0000    524.0000  
   157.0000   1734.0000   1280.0000  
33
   159.0000    179.0000    186.0000    218.0000    203.0000    195.0000    166.0000    181.0000    208.0000    232.0000    235.0000    214.0000    216.0000    126.0000    149.0000    113.0000    100.0000     59.0000     26.0000      6.0000  
    1587.0000     1584.0000  
   123.0000    431.0000    758.0000    817.0000     48.0000    460.0000     10.0000    524.0000  
   157.0000   1734.0000   1280.0000  
34
   159.0000    179.0000    186.0000    218.0000    203.0000    195.0000    166.0000    181.0000    208.0000    232.0000    235.0000    214.0000    216.0000    126.0000    149.0000    113.0000    100.0000     59.0000     26.0000      6.0000  
    1587.0000     1584.0000  
   123.0000    431.0000    758.0000    817.0000     48.0000    460.0000     10.0000    524.0000  
   157.0000   1734.0000   1280.0000  
