0
   183.0142    172.3079    174.5183    184.0074    193.4400    197.6306    204.1844    210.0561    224.4730    235.7639    222.5431    200.1779    185.5764    136.9038    127.7790    114.3868     86.7261     51.2971     14.9584      4.2556  
 5370234.0000  5581032.0000  
    79.0366    329.7138    658.4823    751.4597     80.5098    648.0229     14.7748    562.0000  
   119.3183   1800.1732   1204.5084  
 1
   161.2331    181.1511    190.6396    206.4083    224.8338    182.1477    185.0302    176.8438    228.0769    254.2282    227.9220    236.1612    191.0690    139.5930    128.5975     97.4200     71.6531     28.6116      8.5707      3.8091  
    1570.0509     1553.9491  
    67.9019    323.6211    723.3105    844.0937     56.2001    531.8539     15.0188    562.0000  
   178.5210   1744.6277   1200.8513  
 2
   166.4258    186.9844    196.7745    193.1900    220.4663    184.8152    187.0391    178.0484    226.1358    249.6827    220.9360    228.7210    193.3992    143.4741    132.4204     99.9693     73.4396     29.3600      8.8057      3.9127  
    1550.7203     1573.2797  
    68.6501    318.8714    730.2424    842.6257     55.4076    531.1350     15.0676    562.0000  
   180.6348   1728.9483   1214.4169  
 3
   167.9373    188.6825    198.5614    193.4398    220.3536    183.5867    185.7359    176.7304    224.3139    247.5931    219.1993    227.5301    194.1222    144.6437    133.6925    101.0127     74.2777     29.7110      8.9138      3.9625  
    1550.0128     1573.9872  
    68.7482    319.1127    731.1986    842.4370     55.2341    530.2324     15.0370    562.0000  
   181.6647   1719.9061   1222.4292  
 4
   168.8214    189.6758    199.6066    194.0749    220.1982    182.8914    184.9779    175.9754    223.3038    246.4637    218.2474    226.8767    194.5166    145.2438    134.2795    101.4606     74.6086     29.8440      8.9537      3.9800  
    1549.6231     1574.3769  
    68.8502    319.4676    731.5538    842.2662     55.1348    529.7067     15.0207    562.0000  
   182.2449   1714.7580   1226.9971  
 5
   169.3290    190.2461    200.2067    194.4727    220.1134    182.5041    184.5530    175.5518    222.7378    245.8293    217.7081    226.5003    194.7295    145.5728    134.5938    101.6964     74.7801     29.9124      8.9740      3.9888  
    1549.3583     1574.6417  
    68.9141    319.6941    731.7464    842.1543     55.0768    529.4024     15.0117    562.0000  
   182.5715   1711.8375   1229.5910  
 6
   169.6183    190.5712    200.5488    194.7005    220.0652    182.2860    184.3137    175.3130    222.4186    245.4707    217.4022    226.2849    194.8474    145.7576    134.7696    101.8278     74.8753     29.9503      8.9853      3.9937  
    1549.2036     1574.7964  
    68.9512    319.8259    731.8560    842.0881     55.0436    529.2285     15.0067    562.0000  
   182.7565   1710.1807   1231.0628  
 7
   169.7829    190.7561    200.7433    194.8298    220.0375    182.1626    184.1782    175.1778    222.2378    245.2675    217.2286    226.1621    194.9135    145.8623    134.8690    101.9021     74.9291     29.9718      8.9916      3.9964  
    1549.1155     1574.8845  
    68.9723    319.9011    731.9183    842.0501     55.0248    529.1297     15.0038    562.0000  
   182.8615   1709.2400   1231.8985  
 8
   169.8765    190.8612    200.8540    194.9032    220.0215    182.0925    184.1014    175.1011    222.1352    245.1521    217.1300    226.0923    194.9509    145.9217    134.9255    101.9443     74.9596     29.9839      8.9952      3.9979  
    1549.0656     1574.9344  
    68.9842    319.9438    731.9536    842.0284     55.0141    529.0737     15.0022    562.0000  
   182.9212   1708.7054   1232.3734  
 9
   169.9297    190.9210    200.9169    194.9449    220.0123    182.0526    184.0577    175.0575    222.0769    245.0865    217.0739    226.0525    194.9721    145.9554    134.9576    101.9683     74.9770     29.9909      8.9973      3.9988  
    1549.0373     1574.9627  
    68.9910    319.9681    731.9736    842.0162     55.0080    529.0419     15.0012    562.0000  
   182.9551   1708.4014   1232.6435  
10
   169.9600    190.9551    200.9527    194.9686    220.0070    182.0300    184.0328    175.0328    222.0438    245.0492    217.0421    226.0299    194.9841    145.9746    134.9759    101.9819     74.9869     29.9948      8.9985      3.9993  
    1549.0212     1574.9788  
    68.9949    319.9818    731.9850    842.0092     55.0046    529.0238     15.0007    562.0000  
   182.9745   1708.2285   1232.7971  
11
   169.9772    190.9744    200.9731    194.9822    220.0040    182.0171    184.0187    175.0186    222.0249    245.0280    217.0240    226.0170    194.9910    145.9856    134.9863    101.9897     74.9926     29.9970      8.9991      3.9996  
    1549.0121     1574.9879  
    68.9971    319.9897    731.9915    842.0052     55.0026    529.0135     15.0004    562.0000  
   182.9855   1708.1300   1232.8845  
12
   169.9870    190.9854    200.9847    194.9898    220.0023    182.0097    184.0106    175.0106    222.0142    245.0160    217.0136    226.0097    194.9949    145.9918    134.9922    101.9941     74.9958     29.9983      8.9995      3.9998  
    1549.0069     1574.9931  
    68.9983    319.9941    731.9951    842.0030     55.0015    529.0077     15.0002    562.0000  
   182.9917   1708.0740   1232.9342  
13
   169.9926    190.9917    200.9913    194.9942    220.0013    182.0055    184.0061    175.0060    222.0081    245.0091    217.0078    226.0055    194.9971    145.9953    134.9955    101.9967     74.9976     29.9990      8.9997      3.9999  
    1549.0039     1574.9961  
    68.9991    319.9967    731.9972    842.0017     55.0008    529.0044     15.0001    562.0000  
   182.9953   1708.0421   1232.9626  
14
   169.9958    190.9953    200.9950    194.9967    220.0007    182.0031    184.0034    175.0034    222.0046    245.0052    217.0044    226.0031    194.9983    145.9973    134.9975    101.9981     74.9986     29.9995      8.9998      3.9999  
    1549.0022     1574.9978  
    68.9995    319.9981    731.9984    842.0010     55.0005    529.0025     15.0001    562.0000  
   182.9973   1708.0240   1232.9787  
15
   169.9976    190.9973    200.9972    194.9981    220.0004    182.0018    184.0020    175.0020    222.0026    245.0029    217.0025    226.0018    194.9991    145.9985    134.9986    101.9989     74.9992     29.9997      8.9999      4.0000  
    1549.0013     1574.9987  
    68.9997    319.9989    731.9991    842.0005     55.0003    529.0014     15.0000    562.0000  
   182.9985   1708.0137   1232.9879  
16
   169.9986    190.9985    200.9984    194.9989    220.0002    182.0010    184.0011    175.0011    222.0015    245.0017    217.0014    226.0010    194.9995    145.9991    134.9992    101.9994     74.9996     29.9998      8.9999      4.0000  
    1549.0007     1574.9993  
    68.9998    319.9994    731.9995    842.0003     55.0002    529.0008     15.0000    562.0000  
   182.9991   1708.0078   1232.9931  
17
   169.9992    190.9991    200.9991    194.9994    220.0001    182.0006    184.0006    175.0006    222.0008    245.0010    217.0008    226.0006    194.9997    145.9995    134.9995    101.9997     74.9997     29.9999      9.0000      4.0000  
    1549.0004     1574.9996  
    68.9999    319.9996    731.9997    842.0002     55.0001    529.0005     15.0000    562.0000  
   182.9995   1708.0044   1232.9961  
18
   169.9996    190.9995    200.9995    194.9997    220.0001    182.0003    184.0004    175.0004    222.0005    245.0005    217.0005    226.0003    194.9998    145.9997    134.9997    101.9998     74.9999     29.9999      9.0000      4.0000  
    1549.0002     1574.9998  
    68.9999    319.9998    731.9998    842.0001     55.0001    529.0003     15.0000    562.0000  
   182.9997   1708.0025   1232.9978  
19
   169.9997    190.9997    200.9997    194.9998    220.0000    182.0002    184.0002    175.0002    222.0003    245.0003    217.0003    226.0002    194.9999    145.9998    134.9998    101.9999     74.9999     30.0000      9.0000      4.0000  
    1549.0001     1574.9999  
    69.0000    319.9999    731.9999    842.0001     55.0000    529.0001     15.0000    562.0000  
   182.9998   1708.0014   1232.9987  
20
   169.9999    190.9998    200.9998    194.9999    220.0000    182.0001    184.0001    175.0001    222.0002    245.0002    217.0002    226.0001    194.9999    145.9999    134.9999    101.9999     75.0000     30.0000      9.0000      4.0000  
    1549.0001     1574.9999  
    69.0000    319.9999    731.9999    842.0000     55.0000    529.0001     15.0000    562.0000  
   182.9999   1708.0008   1232.9993  
21
   169.9999    190.9999    200.9999    194.9999    220.0000    182.0001    184.0001    175.0001    222.0001    245.0001    217.0001    226.0001    195.0000    145.9999    135.0000    102.0000     75.0000     30.0000      9.0000      4.0000  
    1549.0000     1575.0000  
    69.0000    320.0000    732.0000    842.0000     55.0000    529.0000     15.0000    562.0000  
   182.9999   1708.0005   1232.9996  
22
   170.0000    190.9999    200.9999    195.0000    220.0000    182.0000    184.0000    175.0000    222.0001    245.0001    217.0000    226.0000    195.0000    146.0000    135.0000    102.0000     75.0000     30.0000      9.0000      4.0000  
    1549.0000     1575.0000  
    69.0000    320.0000    732.0000    842.0000     55.0000    529.0000     15.0000    562.0000  
   183.0000   1708.0003   1232.9998  
23
   170.0000    191.0000    201.0000    195.0000    220.0000    182.0000    184.0000    175.0000    222.0000    245.0000    217.0000    226.0000    195.0000    146.0000    135.0000    102.0000     75.0000     30.0000      9.0000      4.0000  
    1549.0000     1575.0000  
    69.0000    320.0000    732.0000    842.0000     55.0000    529.0000     15.0000    562.0000  
   183.0000   1708.0002   1232.9999  
24
   170.0000    191.0000    201.0000    195.0000    220.0000    182.0000    184.0000    175.0000    222.0000    245.0000    217.0000    226.0000    195.0000    146.0000    135.0000    102.0000     75.0000     30.0000      9.0000      4.0000  
    1549.0000     1575.0000  
    69.0000    320.0000    732.0000    842.0000     55.0000    529.0000     15.0000    562.0000  
   183.0000   1708.0001   1232.9999  
25
   170.0000    191.0000    201.0000    195.0000    220.0000    182.0000    184.0000    175.0000    222.0000    245.0000    217.0000    226.0000    195.0000    146.0000    135.0000    102.0000     75.0000     30.0000      9.0000      4.0000  
    1549.0000     1575.0000  
    69.0000    320.0000    732.0000    842.0000     55.0000    529.0000     15.0000    562.0000  
   183.0000   1708.0000   1233.0000  
26
   170.0000    191.0000    201.0000    195.0000    220.0000    182.0000    184.0000    175.0000    222.0000    245.0000    217.0000    226.0000    195.0000    146.0000    135.0000    102.0000     75.0000     30.0000      9.0000      4.0000  
    1549.0000     1575.0000  
    69.0000    320.0000    732.0000    842.0000     55.0000    529.0000     15.0000    562.0000  
   183.0000   1708.0000   1233.0000  
27
   170.0000    191.0000    201.0000    195.0000    220.0000    182.0000    184.0000    175.0000    222.0000    245.0000    217.0000    226.0000    195.0000    146.0000    135.0000    102.0000     75.0000     30.0000      9.0000      4.0000  
    1549.0000     1575.0000  
    69.0000    320.0000    732.0000    842.0000     55.0000    529.0000     15.0000    562.0000  
   183.0000   1708.0000   1233.0000  
28
   170.0000    191.0000    201.0000    195.0000    220.0000    182.0000    184.0000    175.0000    222.0000    245.0000    217.0000    226.0000    195.0000    146.0000    135.0000    102.0000     75.0000     30.0000      9.0000      4.0000  
    1549.0000     1575.0000  
    69.0000    320.0000    732.0000    842.0000     55.0000    529.0000     15.0000    562.0000  
   183.0000   1708.0000   1233.0000  
29
   170.0000    191.0000    201.0000    195.0000    220.0000    182.0000    184.0000    175.0000    222.0000    245.0000    217.0000    226.0000    195.0000    146.0000    135.0000    102.0000     75.0000     30.0000      9.0000      4.0000  
    1549.0000     1575.0000  
    69.0000    320.0000    732.0000    842.0000     55.0000    529.0000     15.0000    562.0000  
   183.0000   1708.0000   1233.0000  
30
   170.0000    191.0000    201.0000    195.0000    220.0000    182.0000    184.0000    175.0000    222.0000    245.0000    217.0000    226.0000    195.0000    146.0000    135.0000    102.0000     75.0000     30.0000      9.0000      4.0000  
    1549.0000     1575.0000  
    69.0000    320.0000    732.0000    842.0000     55.0000    529.0000     15.0000    562.0000  
   183.0000   1708.0000   1233.0000  
31
   170.0000    191.0000    201.0000    195.0000    220.0000    182.0000    184.0000    175.0000    222.0000    245.0000    217.0000    226.0000    195.0000    146.0000    135.0000    102.0000     75.0000     30.0000      9.0000      4.0000  
    1549.0000     1575.0000  
    69.0000    320.0000    732.0000    842.0000     55.0000    529.0000     15.0000    562.0000  
   183.0000   1708.0000   1233.0000  
32
   170.0000    191.0000    201.0000    195.0000    220.0000    182.0000    184.0000    175.0000    222.0000    245.0000    217.0000    226.0000    195.0000    146.0000    135.0000    102.0000     75.0000     30.0000      9.0000      4.0000  
    1549.0000     1575.0000  
    69.0000    320.0000    732.0000    842.0000     55.0000    529.0000     15.0000    562.0000  
   183.0000   1708.0000   1233.0000  
33
   170.0000    191.0000    201.0000    195.0000    220.0000    182.0000    184.0000    175.0000    222.0000    245.0000    217.0000    226.0000    195.0000    146.0000    135.0000    102.0000     75.0000     30.0000      9.0000      4.0000  
    1549.0000     1575.0000  
    69.0000    320.0000    732.0000    842.0000     55.0000    529.0000     15.0000    562.0000  
   183.0000   1708.0000   1233.0000  
