                    0   10937745.999999989     
                    1   325.78390110977404     
                    2   36.645937786009419     
                    3   18.612598719355358     
                    4   10.206101197941686     
                    5   5.5618920011016364     
                    6   3.0164074209707650     
                    7   1.6317083900551295     
                    8  0.88154642845901254     
                    9  0.47596405661965929     
                   10  0.25690246847911463     
                   11  0.13864230456505922     
                   12   7.4815251776041300E-002
                   13   4.0370855143014694E-002
                   14   2.1783989386988112E-002
                   15   1.1754459414401348E-002
                   16   6.3425770597181543E-003
                   17   3.4223761500590910E-003
                   18   1.8466694362625023E-003
                   19   9.9643801044837707E-004
                   20   5.3766437392069062E-004
                   21   2.9011631471895271E-004
                   22   1.5654276523862005E-004
                   23   8.4468314448074219E-005
                   24   4.5577935138994439E-005
                   25   2.4593223493938688E-005
                   26   1.3270163065130748E-005
                   27   7.1603982325872933E-006
                   28   3.8636493754076132E-006
                   29   2.0847729929713513E-006
                   30   1.1249131209205895E-006
                   31   6.0699056455269275E-007
