0
   337.6362    317.8888    321.9832    339.4942    357.0791    364.8835    376.9032    387.6635    414.2234    435.1198    410.8222    369.6245    342.7672    253.0780    236.5261    212.1474    161.3297     95.7716     28.0396      8.0186  
 5370234.0000  5581032.0000  
   164.8124    683.2907   1260.7625   1379.7033    143.0053   1189.6441     27.7818    922.0000  
   214.3832   3527.1576   2029.4592  
 1
   293.0333    304.9528    317.8640    413.9693    366.4481    276.6853    265.0858    318.9088    366.5680    399.8433    438.3687    385.8828    436.8041    291.0234    252.0068    288.6535    192.9760    116.6873     35.2400      9.9986  
    2759.5645     3011.4355  
   217.4398    778.4064   1437.5691   1574.4205     92.8996    726.5603     21.7042    922.0000  
   444.2982   3405.7131   1920.9887  
 2
   303.4255    315.7683    329.1396    375.0552    362.3439    298.0655    286.9286    342.1649    382.0680    406.4811    426.6039    367.4661    436.0519    289.3409    243.8360    273.1346    181.0465    109.6463     33.1146      9.3188  
    2771.2852     2999.7148  
   229.8493    778.3865   1453.8761   1550.7868     89.5559    724.6880     21.8573    922.0000  
   437.8876   3443.4763   1889.6361  
 3
   300.1099    312.3177    325.5424    370.1081    366.6371    303.2277    292.0689    347.9706    388.0953    411.8659    431.0984    369.4365    432.5283    285.1482    239.6543    268.1350    177.7486    107.6651     32.5023      9.1398  
    2768.8417     3002.1583  
   230.1045    779.3549   1455.1057   1548.5963     89.4625    724.4591     21.9170    922.0000  
   432.5878   3470.3307   1868.0815  
 4
   297.7848    309.8980    323.0204    367.6642    367.6096    305.6517    294.5369    350.9283    391.4048    415.1895    434.2418    371.0459    430.8196    283.0973    237.7805    265.9676    176.2884    106.7759     32.2316      9.0633  
    2769.4346     3001.5654  
   229.7223    778.6762   1454.8476   1548.8383     89.6512    725.3112     21.9532    922.0000  
   429.8477   3485.8171   1855.3352  
 5
   296.4587    308.5180    321.5821    366.3687    367.8820    306.8329    295.7657    352.4441    393.1581    417.0228    436.0310    371.9734    429.9296    282.0589    236.8802    264.9589    175.6217    106.3729     32.1105      9.0299  
    2770.0787     3000.9213  
   229.4089    777.9772   1454.5048   1549.2923     89.8032    726.0386     21.9751    922.0000  
   428.4432   3494.1516   1848.4052  
 6
   295.7495    307.7800    320.8129    365.6964    367.9621    307.4167    296.3803    353.2143    394.0642    417.9888    436.9880    372.4716    429.4717    281.5338    236.4387    264.4741    175.3056    106.1829     32.0540      9.0145  
    2770.4996     3000.5004  
   229.2180    777.5279   1454.2752   1549.6106     89.8952    726.4860     21.9871    922.0000  
   427.7291   3498.4925   1844.7784  
 7
   295.3814    307.3969    320.4136    365.3525    367.9867    307.7076    296.6885    353.6039    394.5266    418.4867    437.4850    372.7309    429.2384    281.2689    236.2197    264.2363    175.1519    106.0908     32.0267      9.0071  
    2770.7382     3000.2618  
   229.1130    777.2754   1454.1443   1549.7950     89.9457    726.7332     21.9934    922.0000  
   427.3677   3500.7167   1842.9156  
 8
   295.1931    307.2009    320.2094    365.1780    367.9949    307.8531    296.8433    353.8004    394.7611    418.7405    437.7392    372.8637    429.1203    281.1354    236.1103    264.1183    175.0759    106.0453     32.0133      9.0036  
    2770.8656     3000.1344  
   229.0578    777.1412   1454.0742   1549.8944     89.9723    726.8635     21.9967    922.0000  
   427.1853   3501.8468   1841.9679  
 9
   295.0975    307.1014    320.1057    365.0897    367.9978    307.9261    296.9212    353.8995    394.8796    418.8690    437.8683    372.9311    429.0606    281.0682    236.0554    264.0594    175.0381    106.0227     32.0067      9.0018  
    2770.9316     3000.0684  
   229.0293    777.0718   1454.0377   1549.9462     89.9859    726.9307     21.9983    922.0000  
   427.0933   3502.4184   1841.4882  
10
   295.0492    307.0512    320.0533    365.0452    367.9990    307.9628    296.9603    353.9494    394.9393    418.9340    437.9336    372.9653    429.0305    281.0343    236.0279    264.0299    175.0191    106.0114     32.0034      9.0009  
    2770.9654     3000.0346  
   229.0148    777.0363   1454.0191   1549.9727     89.9929    726.9650     21.9991    922.0000  
   427.0470   3502.7070   1841.2460  
11
   295.0248    307.0258    320.0269    365.0228    367.9995    307.9813    296.9800    353.9745    394.9694    418.9668    437.9665    372.9825    429.0154    281.0173    236.0140    264.0150    175.0096    106.0057     32.0017      9.0004  
    2770.9825     3000.0175  
   229.0075    777.0183   1454.0096   1549.9862     89.9964    726.9823     21.9996    922.0000  
   427.0237   3502.8524   1841.1239  
12
   295.0125    307.0130    320.0135    365.0115    367.9998    307.9906    296.9899    353.9872    394.9846    418.9833    437.9832    372.9912    429.0077    281.0087    236.0071    264.0076    175.0048    106.0029     32.0008      9.0002  
    2770.9912     3000.0088  
   229.0038    777.0092   1454.0049   1549.9931     89.9982    726.9911     21.9998    922.0000  
   427.0119   3502.9257   1841.0624  
13
   295.0063    307.0065    320.0068    365.0058    367.9999    307.9953    296.9949    353.9935    394.9923    418.9916    437.9915    372.9956    429.0039    281.0044    236.0036    264.0038    175.0024    106.0015     32.0004      9.0001  
    2770.9956     3000.0044  
   229.0019    777.0047   1454.0025   1549.9965     89.9991    726.9955     21.9999    922.0000  
   427.0060   3502.9626   1841.0314  
14
   295.0032    307.0033    320.0034    365.0029    367.9999    307.9976    296.9975    353.9967    394.9961    418.9958    437.9957    372.9978    429.0020    281.0022    236.0018    264.0019    175.0012    106.0007     32.0002      9.0001  
    2770.9978     3000.0022  
   229.0010    777.0023   1454.0012   1549.9982     89.9995    726.9977     21.9999    922.0000  
   427.0030   3502.9812   1841.0158  
15
   295.0016    307.0017    320.0017    365.0015    368.0000    307.9988    296.9987    353.9984    394.9980    418.9979    437.9978    372.9989    429.0010    281.0011    236.0009    264.0010    175.0006    106.0004     32.0001      9.0000  
    2770.9989     3000.0011  
   229.0005    777.0012   1454.0006   1549.9991     89.9998    726.9989     22.0000    922.0000  
   427.0015   3502.9905   1841.0080  
16
   295.0008    307.0008    320.0009    365.0007    368.0000    307.9994    296.9994    353.9992    394.9990    418.9989    437.9989    372.9994    429.0005    281.0006    236.0005    264.0005    175.0003    106.0002     32.0001      9.0000  
    2770.9994     3000.0006  
   229.0002    777.0006   1454.0003   1549.9996     89.9999    726.9994     22.0000    922.0000  
   427.0008   3502.9952   1841.0040  
17
   295.0004    307.0004    320.0004    365.0004    368.0000    307.9997    296.9997    353.9996    394.9995    418.9995    437.9995    372.9997    429.0003    281.0003    236.0002    264.0002    175.0002    106.0001     32.0000      9.0000  
    2770.9997     3000.0003  
   229.0001    777.0003   1454.0002   1549.9998     89.9999    726.9997     22.0000    922.0000  
   427.0004   3502.9976   1841.0020  
18
   295.0002    307.0002    320.0002    365.0002    368.0000    307.9998    296.9998    353.9998    394.9997    418.9997    437.9997    372.9999    429.0001    281.0001    236.0001    264.0001    175.0001    106.0000     32.0000      9.0000  
    2770.9999     3000.0001  
   229.0001    777.0002   1454.0001   1549.9999     90.0000    726.9999     22.0000    922.0000  
   427.0002   3502.9988   1841.0010  
19
   295.0001    307.0001    320.0001    365.0001    368.0000    307.9999    296.9999    353.9999    394.9999    418.9999    437.9999    372.9999    429.0001    281.0001    236.0001    264.0001    175.0000    106.0000     32.0000      9.0000  
    2770.9999     3000.0001  
   229.0000    777.0001   1454.0000   1549.9999     90.0000    726.9999     22.0000    922.0000  
   427.0001   3502.9994   1841.0005  
20
   295.0001    307.0001    320.0001    365.0000    368.0000    308.0000    297.0000    353.9999    394.9999    418.9999    437.9999    373.0000    429.0000    281.0000    236.0000    264.0000    175.0000    106.0000     32.0000      9.0000  
    2771.0000     3000.0000  
   229.0000    777.0000   1454.0000   1550.0000     90.0000    727.0000     22.0000    922.0000  
   427.0000   3502.9997   1841.0003  
21
   295.0000    307.0000    320.0000    365.0000    368.0000    308.0000    297.0000    354.0000    395.0000    419.0000    438.0000    373.0000    429.0000    281.0000    236.0000    264.0000    175.0000    106.0000     32.0000      9.0000  
    2771.0000     3000.0000  
   229.0000    777.0000   1454.0000   1550.0000     90.0000    727.0000     22.0000    922.0000  
   427.0000   3502.9998   1841.0001  
22
   295.0000    307.0000    320.0000    365.0000    368.0000    308.0000    297.0000    354.0000    395.0000    419.0000    438.0000    373.0000    429.0000    281.0000    236.0000    264.0000    175.0000    106.0000     32.0000      9.0000  
    2771.0000     3000.0000  
   229.0000    777.0000   1454.0000   1550.0000     90.0000    727.0000     22.0000    922.0000  
   427.0000   3502.9999   1841.0001  
23
   295.0000    307.0000    320.0000    365.0000    368.0000    308.0000    297.0000    354.0000    395.0000    419.0000    438.0000    373.0000    429.0000    281.0000    236.0000    264.0000    175.0000    106.0000     32.0000      9.0000  
    2771.0000     3000.0000  
   229.0000    777.0000   1454.0000   1550.0000     90.0000    727.0000     22.0000    922.0000  
   427.0000   3503.0000   1841.0000  
24
   295.0000    307.0000    320.0000    365.0000    368.0000    308.0000    297.0000    354.0000    395.0000    419.0000    438.0000    373.0000    429.0000    281.0000    236.0000    264.0000    175.0000    106.0000     32.0000      9.0000  
    2771.0000     3000.0000  
   229.0000    777.0000   1454.0000   1550.0000     90.0000    727.0000     22.0000    922.0000  
   427.0000   3503.0000   1841.0000  
25
   295.0000    307.0000    320.0000    365.0000    368.0000    308.0000    297.0000    354.0000    395.0000    419.0000    438.0000    373.0000    429.0000    281.0000    236.0000    264.0000    175.0000    106.0000     32.0000      9.0000  
    2771.0000     3000.0000  
   229.0000    777.0000   1454.0000   1550.0000     90.0000    727.0000     22.0000    922.0000  
   427.0000   3503.0000   1841.0000  
26
   295.0000    307.0000    320.0000    365.0000    368.0000    308.0000    297.0000    354.0000    395.0000    419.0000    438.0000    373.0000    429.0000    281.0000    236.0000    264.0000    175.0000    106.0000     32.0000      9.0000  
    2771.0000     3000.0000  
   229.0000    777.0000   1454.0000   1550.0000     90.0000    727.0000     22.0000    922.0000  
   427.0000   3503.0000   1841.0000  
27
   295.0000    307.0000    320.0000    365.0000    368.0000    308.0000    297.0000    354.0000    395.0000    419.0000    438.0000    373.0000    429.0000    281.0000    236.0000    264.0000    175.0000    106.0000     32.0000      9.0000  
    2771.0000     3000.0000  
   229.0000    777.0000   1454.0000   1550.0000     90.0000    727.0000     22.0000    922.0000  
   427.0000   3503.0000   1841.0000  
28
   295.0000    307.0000    320.0000    365.0000    368.0000    308.0000    297.0000    354.0000    395.0000    419.0000    438.0000    373.0000    429.0000    281.0000    236.0000    264.0000    175.0000    106.0000     32.0000      9.0000  
    2771.0000     3000.0000  
   229.0000    777.0000   1454.0000   1550.0000     90.0000    727.0000     22.0000    922.0000  
   427.0000   3503.0000   1841.0000  
29
   295.0000    307.0000    320.0000    365.0000    368.0000    308.0000    297.0000    354.0000    395.0000    419.0000    438.0000    373.0000    429.0000    281.0000    236.0000    264.0000    175.0000    106.0000     32.0000      9.0000  
    2771.0000     3000.0000  
   229.0000    777.0000   1454.0000   1550.0000     90.0000    727.0000     22.0000    922.0000  
   427.0000   3503.0000   1841.0000  
