                    0   10935999.000000002     
                    1   483.02607152910264     
                    2   253.87399315646752     
                    3   150.93327395969777     
                    4   90.139917796432044     
                    5   54.035849244664490     
                    6   32.521303318158346     
                    7   19.632586562770626     
                    8   11.877028593712327     
                    9   7.1953030194681666     
                   10   4.3630419885883089     
                   11   2.6470868608728475     
                   12   1.6065529298150818     
                   13  0.97524317499613122     
                   14  0.59208841493051900     
                   15  0.35949617311026349     
                   16  0.21828442389059091     
                   17  0.13254515767627176     
                   18   8.0484579002881418E-002
                   19   4.8872680951284449E-002
                   20   2.9677170482370757E-002
                   21   1.8021068862260618E-002
                   22   1.0943081901408545E-002
                   23   6.6450674002324116E-003
                   24   4.0351484574467928E-003
                   25   2.4503034965839788E-003
                   26   1.4879227520288587E-003
                   27   9.0352667121816393E-004
                   28   5.4865787699850607E-004
                   29   3.3316724500043432E-004
                   30   2.0231262877179858E-004
                   31   1.2285241468896970E-004
                   32   7.4600960882387083E-005
                   33   4.5300720998308220E-005
                   34   2.7508433144936457E-005
                   35   1.6704237877608217E-005
                   36   1.0143487701184126E-005
                   37   6.1595352192783410E-006
                   38   3.7403216568080832E-006
                   39   2.2712715506423026E-006
                   40   1.3792091707390264E-006
                   41   8.3751053886037957E-007
