0
   418.3757    393.9011    398.9552    420.6476    442.2215    451.8057    466.7838    480.2023    513.1577    538.9729    508.7552    457.6313    424.2567    312.9957    292.1525    261.5568    198.3361    117.3328     34.2212      9.7381  
 5370234.0000  5581032.0000  
   161.9596    686.2854   1446.9783   1690.5750    181.3502   1477.4369     33.4146   1464.0000  
   259.8190   3912.1428   2970.0382  
 1
   475.0048    443.5313    477.8805    448.3485    423.3313    405.1091    510.4015    589.8873    548.8975    574.9604    561.9659    440.3917    423.7779    208.3332    202.6360    160.4790    137.3992     78.7113     24.9847      5.9692  
    3587.6801     3554.3199  
   135.9893    536.9222   1434.5254   1730.1691     95.6564   1675.4566     69.2809   1464.0000  
   199.9810   3899.6797   3042.3392  
 2
   476.6957    445.1077    479.5689    455.9026    434.3854    400.5347    492.0009    568.2413    529.0819    557.5359    554.6551    441.4788    429.7682    215.5166    215.4946    173.9651    150.8723     86.8558     27.6643      6.6741  
    3541.3616     3600.6384  
   131.7811    528.0730   1431.8856   1741.5661     96.0062   1679.1680     69.5200   1464.0000  
   203.2804   3837.8355   3100.8842  
 3
   484.3790    452.2819    487.2984    462.0152    432.4727    394.6505    484.1802    559.1776    520.7339    549.3933    547.7077    438.3730    433.7077    219.2605    219.9413    177.8756    154.4245     88.9382     28.3442      6.8447  
    3541.1922     3600.8078  
   131.9248    528.3906   1432.7765   1742.7475     95.7681   1677.0727     69.3198   1464.0000  
   205.6432   3796.8242   3139.5326  
 4
   489.6176    457.1733    492.5681    465.7499    431.8476    391.4866    479.9702    554.1782    515.9729    544.4540    543.1315    435.9855    435.5962    221.2176    222.0681    179.6379    155.9697     89.8318     28.6301      6.9133  
    3539.3700     3602.6300  
   132.2964    529.6042   1434.1815   1742.6500     95.4917   1674.5778     69.1984   1464.0000  
   206.9941   3771.5806   3163.4253  
 5
   492.8992    460.2373    495.8691    467.8823    431.5269    389.6822    477.5640    551.2914    513.1801    541.4878    540.3145    434.4415    436.6043    222.3371    223.2522    180.5963    156.7963     90.3077     28.7810      6.9488  
    3538.0575     3603.9425  
   132.5667    530.5188   1435.2485   1742.4323     95.3010   1672.8113     69.1213   1464.0000  
   207.7911   3756.3131   3177.8958  
 6
   494.9053    462.1104    497.8870    469.1267    431.3303    388.6174    476.1465    549.5850    511.5196    539.7088    538.6089    433.4858    437.1735    222.9982    223.9467    181.1543    157.2751     90.5830     28.8681      6.9692  
    3537.2409     3604.7591  
   132.7373    531.1011   1435.9357   1742.2685     95.1822   1671.7014     69.0738   1464.0000  
   208.2685   3747.1064   3186.6251  
 7
   496.1229    463.2473    499.1118    469.8677    431.2058    387.9793    475.2984    548.5634    510.5238    538.6387    537.5794    432.9026    437.5052    223.3940    224.3623    181.4878    157.5608     90.7474     28.9201      6.9813  
    3536.7478     3605.2522  
   132.8412    531.4566   1436.3568   1742.1634     95.1101   1671.0272     69.0448   1464.0000  
   208.5564   3741.5478   3191.8957  
 8
   496.8609    463.9364    499.8541    470.3136    431.1272    387.5940    474.7872    547.9476    509.9234    537.9931    536.9574    432.5482    437.7018    223.6327    224.6131    181.6891    157.7334     90.8466     28.9515      6.9887  
    3536.4516     3605.5484  
   132.9039    531.6713   1436.6112   1742.0990     95.0666   1670.6208     69.0272   1464.0000  
   208.7307   3738.1854   3195.0839  
 9
   497.3083    464.3542    500.3043    470.5833    431.0782    387.3607    474.4778    547.5751    509.5603    537.6025    536.5809    432.3330    437.8197    223.7771    224.7650    181.8111    157.8380     90.9068     28.9705      6.9931  
    3536.2733     3605.7267  
   132.9418    531.8009   1436.7647   1742.0599     95.0403   1670.3758     69.0165   1464.0000  
   208.8364   3736.1481   3197.0155  
10
   497.5799    464.6077    500.5774    470.7469    431.0479    387.2191    474.2902    547.3493    509.3402    537.3658    536.3527    432.2023    437.8907    223.8646    224.8572    181.8852    157.9015     90.9433     28.9821      6.9958  
    3536.1656     3605.8344  
   132.9647    531.8793   1436.8574   1742.0363     95.0245   1670.2278     69.0100   1464.0000  
   208.9006   3734.9122   3198.1872  
11
   497.7447    464.7616    500.7432    470.8462    431.0292    387.1332    474.1763    547.2122    509.2067    537.2222    536.2143    432.1229    437.9337    223.9177    224.9132    181.9302    157.9401     90.9656     28.9891      6.9975  
    3536.1005     3605.8995  
   132.9786    531.9267   1436.9135   1742.0220     95.0148   1670.1382     69.0061   1464.0000  
   208.9396   3734.1619   3198.8985  
12
   497.8449    464.8551    500.8439    470.9065    431.0178    387.0809    474.1072    547.1290    509.1256    537.1350    536.1302    432.0747    437.9597    223.9500    224.9473    181.9576    157.9636     90.9791     28.9934      6.9985  
    3536.0610     3605.9390  
   132.9870    531.9555   1436.9475   1742.0134     95.0090   1670.0839     69.0037   1464.0000  
   208.9633   3733.7061   3199.3306  
13
   497.9057    464.9120    500.9051    470.9432    431.0108    387.0492    474.0651    547.0784    509.0763    537.0821    536.0791    432.0454    437.9755    223.9696    224.9679    181.9742    157.9779     90.9873     28.9960      6.9991  
    3536.0371     3605.9629  
   132.9921    531.9730   1436.9681   1742.0081     95.0055   1670.0510     69.0023   1464.0000  
   208.9777   3733.4292   3199.5931  
14
   497.9427    464.9465    500.9423    470.9655    431.0066    387.0299    474.0396    547.0476    509.0464    537.0499    536.0481    432.0276    437.9851    223.9815    224.9805    181.9843    157.9866     90.9923     28.9976      6.9994  
    3536.0225     3605.9775  
   132.9952    531.9836   1436.9806   1742.0049     95.0033   1670.0310     69.0014   1464.0000  
   208.9864   3733.2609   3199.7527  
15
   497.9652    464.9675    500.9650    470.9790    431.0040    387.0182    474.0241    547.0290    509.0282    537.0303    536.0292    432.0168    437.9910    223.9888    224.9882    181.9905    157.9918     90.9953     28.9985      6.9997  
    3536.0137     3605.9863  
   132.9971    531.9900   1436.9882   1742.0030     95.0020   1670.0188     69.0008   1464.0000  
   208.9918   3733.1586   3199.8497  
16
   497.9788    464.9802    500.9787    470.9872    431.0024    387.0111    474.0146    547.0176    509.0171    537.0184    536.0178    432.0102    437.9945    223.9932    224.9928    181.9942    157.9950     90.9971     28.9991      6.9998  
    3536.0083     3605.9917  
   132.9982    531.9939   1436.9928   1742.0018     95.0012   1670.0114     69.0005   1464.0000  
   208.9950   3733.0964   3199.9086  
17
   497.9871    464.9880    500.9870    470.9922    431.0015    387.0067    474.0089    547.0107    509.0104    537.0112    536.0108    432.0062    437.9967    223.9959    224.9956    181.9965    157.9970     90.9983     28.9994      6.9999  
    3536.0051     3605.9949  
   132.9989    531.9963   1436.9956   1742.0011     95.0007   1670.0070     69.0003   1464.0000  
   208.9970   3733.0586   3199.9444  
18
   497.9922    464.9927    500.9921    470.9953    431.0009    387.0041    474.0054    547.0065    509.0063    537.0068    536.0066    432.0038    437.9980    223.9975    224.9973    181.9979    157.9982     90.9989     28.9997      6.9999  
    3536.0031     3605.9969  
   132.9993    531.9978   1436.9974   1742.0007     95.0005   1670.0042     69.0002   1464.0000  
   208.9981   3733.0356   3199.9662  
19
   497.9952    464.9956    500.9952    470.9971    431.0005    387.0025    474.0033    547.0040    509.0039    537.0041    536.0040    432.0023    437.9988    223.9985    224.9984    181.9987    157.9989     90.9994     28.9998      7.0000  
    3536.0019     3605.9981  
   132.9996    531.9986   1436.9984   1742.0004     95.0003   1670.0026     69.0001   1464.0000  
   208.9989   3733.0217   3199.9795  
20
   497.9971    464.9973    500.9971    470.9983    431.0003    387.0015    474.0020    547.0024    509.0023    537.0025    536.0024    432.0014    437.9993    223.9991    224.9990    181.9992    157.9993     90.9996     28.9999      7.0000  
    3536.0011     3605.9989  
   132.9998    531.9992   1436.9990   1742.0002     95.0002   1670.0016     69.0001   1464.0000  
   208.9993   3733.0132   3199.9875  
21
   497.9982    464.9984    500.9982    470.9989    431.0002    387.0009    474.0012    547.0015    509.0014    537.0015    536.0015    432.0008    437.9995    223.9994    224.9994    181.9995    157.9996     90.9998     28.9999      7.0000  
    3536.0007     3605.9993  
   132.9999    531.9995   1436.9994   1742.0002     95.0001   1670.0010     69.0000   1464.0000  
   208.9996   3733.0080   3199.9924  
22
   497.9989    464.9990    500.9989    470.9994    431.0001    387.0006    474.0007    547.0009    509.0009    537.0009    536.0009    432.0005    437.9997    223.9997    224.9996    181.9997    157.9997     90.9999     29.0000      7.0000  
    3536.0004     3605.9996  
   132.9999    531.9997   1436.9996   1742.0001     95.0001   1670.0006     69.0000   1464.0000  
   208.9997   3733.0049   3199.9954  
23
   497.9994    464.9994    500.9993    470.9996    431.0001    387.0003    474.0004    547.0005    509.0005    537.0006    536.0005    432.0003    437.9998    223.9998    224.9998    181.9998    157.9998     90.9999     29.0000      7.0000  
    3536.0003     3605.9997  
   132.9999    531.9998   1436.9998   1742.0001     95.0000   1670.0004     69.0000   1464.0000  
   208.9998   3733.0030   3199.9972  
24
   497.9996    464.9996    500.9996    470.9998    431.0000    387.0002    474.0003    547.0003    509.0003    537.0003    536.0003    432.0002    437.9999    223.9999    224.9999    181.9999    157.9999     90.9999     29.0000      7.0000  
    3536.0002     3605.9998  
   133.0000    531.9999   1436.9999   1742.0000     95.0000   1670.0002     69.0000   1464.0000  
   208.9999   3733.0018   3199.9983  
25
   497.9998    464.9998    500.9998    470.9999    431.0000    387.0001    474.0002    547.0002    509.0002    537.0002    536.0002    432.0001    437.9999    223.9999    224.9999    181.9999    157.9999     91.0000     29.0000      7.0000  
    3536.0001     3605.9999  
   133.0000    531.9999   1436.9999   1742.0000     95.0000   1670.0001     69.0000   1464.0000  
   208.9999   3733.0011   3199.9990  
26
   497.9999    464.9999    500.9999    470.9999    431.0000    387.0001    474.0001    547.0001    509.0001    537.0001    536.0001    432.0001    438.0000    224.0000    225.0000    182.0000    158.0000     91.0000     29.0000      7.0000  
    3536.0001     3605.9999  
   133.0000    532.0000   1437.0000   1742.0000     95.0000   1670.0001     69.0000   1464.0000  
   209.0000   3733.0007   3199.9994  
27
   497.9999    464.9999    500.9999    470.9999    431.0000    387.0000    474.0001    547.0001    509.0001    537.0001    536.0001    432.0000    438.0000    224.0000    225.0000    182.0000    158.0000     91.0000     29.0000      7.0000  
    3536.0000     3606.0000  
   133.0000    532.0000   1437.0000   1742.0000     95.0000   1670.0000     69.0000   1464.0000  
   209.0000   3733.0004   3199.9996  
28
   497.9999    464.9999    500.9999    471.0000    431.0000    387.0000    474.0000    547.0000    509.0000    537.0000    536.0000    432.0000    438.0000    224.0000    225.0000    182.0000    158.0000     91.0000     29.0000      7.0000  
    3536.0000     3606.0000  
   133.0000    532.0000   1437.0000   1742.0000     95.0000   1670.0000     69.0000   1464.0000  
   209.0000   3733.0002   3199.9998  
29
   498.0000    465.0000    501.0000    471.0000    431.0000    387.0000    474.0000    547.0000    509.0000    537.0000    536.0000    432.0000    438.0000    224.0000    225.0000    182.0000    158.0000     91.0000     29.0000      7.0000  
    3536.0000     3606.0000  
   133.0000    532.0000   1437.0000   1742.0000     95.0000   1670.0000     69.0000   1464.0000  
   209.0000   3733.0001   3199.9999  
30
   498.0000    465.0000    501.0000    471.0000    431.0000    387.0000    474.0000    547.0000    509.0000    537.0000    536.0000    432.0000    438.0000    224.0000    225.0000    182.0000    158.0000     91.0000     29.0000      7.0000  
    3536.0000     3606.0000  
   133.0000    532.0000   1437.0000   1742.0000     95.0000   1670.0000     69.0000   1464.0000  
   209.0000   3733.0001   3199.9999  
31
   498.0000    465.0000    501.0000    471.0000    431.0000    387.0000    474.0000    547.0000    509.0000    537.0000    536.0000    432.0000    438.0000    224.0000    225.0000    182.0000    158.0000     91.0000     29.0000      7.0000  
    3536.0000     3606.0000  
   133.0000    532.0000   1437.0000   1742.0000     95.0000   1670.0000     69.0000   1464.0000  
   209.0000   3733.0001   3199.9999  
32
   498.0000    465.0000    501.0000    471.0000    431.0000    387.0000    474.0000    547.0000    509.0000    537.0000    536.0000    432.0000    438.0000    224.0000    225.0000    182.0000    158.0000     91.0000     29.0000      7.0000  
    3536.0000     3606.0000  
   133.0000    532.0000   1437.0000   1742.0000     95.0000   1670.0000     69.0000   1464.0000  
   209.0000   3733.0000   3200.0000  
33
   498.0000    465.0000    501.0000    471.0000    431.0000    387.0000    474.0000    547.0000    509.0000    537.0000    536.0000    432.0000    438.0000    224.0000    225.0000    182.0000    158.0000     91.0000     29.0000      7.0000  
    3536.0000     3606.0000  
   133.0000    532.0000   1437.0000   1742.0000     95.0000   1670.0000     69.0000   1464.0000  
   209.0000   3733.0000   3200.0000  
34
   498.0000    465.0000    501.0000    471.0000    431.0000    387.0000    474.0000    547.0000    509.0000    537.0000    536.0000    432.0000    438.0000    224.0000    225.0000    182.0000    158.0000     91.0000     29.0000      7.0000  
    3536.0000     3606.0000  
   133.0000    532.0000   1437.0000   1742.0000     95.0000   1670.0000     69.0000   1464.0000  
   209.0000   3733.0000   3200.0000  
35
   498.0000    465.0000    501.0000    471.0000    431.0000    387.0000    474.0000    547.0000    509.0000    537.0000    536.0000    432.0000    438.0000    224.0000    225.0000    182.0000    158.0000     91.0000     29.0000      7.0000  
    3536.0000     3606.0000  
   133.0000    532.0000   1437.0000   1742.0000     95.0000   1670.0000     69.0000   1464.0000  
   209.0000   3733.0000   3200.0000  
36
   498.0000    465.0000    501.0000    471.0000    431.0000    387.0000    474.0000    547.0000    509.0000    537.0000    536.0000    432.0000    438.0000    224.0000    225.0000    182.0000    158.0000     91.0000     29.0000      7.0000  
    3536.0000     3606.0000  
   133.0000    532.0000   1437.0000   1742.0000     95.0000   1670.0000     69.0000   1464.0000  
   209.0000   3733.0000   3200.0000  
37
   498.0000    465.0000    501.0000    471.0000    431.0000    387.0000    474.0000    547.0000    509.0000    537.0000    536.0000    432.0000    438.0000    224.0000    225.0000    182.0000    158.0000     91.0000     29.0000      7.0000  
    3536.0000     3606.0000  
   133.0000    532.0000   1437.0000   1742.0000     95.0000   1670.0000     69.0000   1464.0000  
   209.0000   3733.0000   3200.0000  
38
   498.0000    465.0000    501.0000    471.0000    431.0000    387.0000    474.0000    547.0000    509.0000    537.0000    536.0000    432.0000    438.0000    224.0000    225.0000    182.0000    158.0000     91.0000     29.0000      7.0000  
    3536.0000     3606.0000  
   133.0000    532.0000   1437.0000   1742.0000     95.0000   1670.0000     69.0000   1464.0000  
   209.0000   3733.0000   3200.0000  
39
   498.0000    465.0000    501.0000    471.0000    431.0000    387.0000    474.0000    547.0000    509.0000    537.0000    536.0000    432.0000    438.0000    224.0000    225.0000    182.0000    158.0000     91.0000     29.0000      7.0000  
    3536.0000     3606.0000  
   133.0000    532.0000   1437.0000   1742.0000     95.0000   1670.0000     69.0000   1464.0000  
   209.0000   3733.0000   3200.0000  
40
   498.0000    465.0000    501.0000    471.0000    431.0000    387.0000    474.0000    547.0000    509.0000    537.0000    536.0000    432.0000    438.0000    224.0000    225.0000    182.0000    158.0000     91.0000     29.0000      7.0000  
    3536.0000     3606.0000  
   133.0000    532.0000   1437.0000   1742.0000     95.0000   1670.0000     69.0000   1464.0000  
   209.0000   3733.0000   3200.0000  
