0
  1059.0537    997.1072   1009.9290   1064.8489   1119.7740   1144.1606   1181.9532   1215.7963   1299.1537   1364.6144   1288.2826   1158.9787   1074.6340    793.1746    740.8977    664.0126    504.3439    298.9594     87.3869     24.9385  
 5370234.0000  5581032.0000  
   457.6987   1908.5889   3822.9335   4376.2093    457.3646   3829.6806     87.5244   3152.0000  
   682.4122  10082.6045   7326.9833  
 1
   929.4895   1023.3130   1095.8707   1174.1455   1091.0937   1004.6936   1077.1008   1258.6592   1382.9299   1471.3349   1403.9897   1350.4999   1326.7636    693.3513    561.6907    527.8775    394.3680    239.8384     74.0742     10.9160  
    8886.3687     9205.6313  
   471.0613   1572.0248   4189.5751   4709.0829    267.4640   3693.6424     37.1494   3152.0000  
   808.1272   9942.8428   7341.0301  
 2
   942.8327   1037.9991   1111.5820   1103.1135   1092.7821   1013.3561   1079.2551   1255.6971   1363.5500   1441.9221   1374.0128   1325.8017   1337.3716    711.5615    584.3064    553.2308    417.6491    255.1237     79.1370     11.7157  
    8805.4902     9286.5098  
   466.4007   1542.3365   4224.5519   4714.2908    265.4138   3689.8440     37.1622   3152.0000  
   815.3091   9865.3298   7411.3611  
 3
   950.2351   1046.1488   1120.3097   1103.7064   1091.1636   1006.7950   1072.0213   1246.9598   1353.4734   1431.2862   1364.9873   1320.5093   1342.8858    717.5941    590.4669    559.7349    423.0248    258.5620     80.2454     11.8900  
    8807.2062     9284.7938  
   466.4551   1541.9878   4229.2032   4714.8075    264.9349   3685.5287     37.0828   3152.0000  
   819.6482   9817.8491   7454.5027  
 4
   954.8366   1051.2147   1125.7344   1107.1306   1090.5299   1003.2794   1067.9823   1242.0814   1347.9540   1425.4658   1359.8033   1317.3272   1345.6813    720.4902    593.0350    562.2247    424.9324    259.7394     80.6129     11.9444  
    8805.4564     9286.5436  
   467.0378   1543.4483   4231.1804   4714.2369    264.5591   3682.4912     37.0463   3152.0000  
   822.0190   9790.4541   7479.5270  
 5
   957.5133   1054.1614   1128.8897   1109.2665   1090.2783   1001.3788   1065.7724   1239.3916   1344.8894   1422.1923   1356.8358   1315.4579   1347.1657    722.0447    594.3584    563.4711    425.8654    260.3092     80.7883     11.9698  
    8804.0121     9287.9879  
   467.4436   1544.5153   4232.3723   4713.7409    264.3209   3680.5808     37.0262   3152.0000  
   823.3313   9774.9338   7493.7349  
 6
   959.0365   1055.8383   1130.6853   1110.4692   1090.1542   1000.3304   1064.5506   1237.8984   1343.1796   1420.3533   1355.1567   1314.3868   1347.9779    722.9052    595.0825    564.1469    426.3676    260.6151     80.8821     11.9832  
    8803.1398     9288.8602  
   467.6847   1545.1570   4233.0762   4713.4254    264.1815   3679.4604     37.0148   3152.0000  
   824.0639   9766.1976   7501.7385  
 7
   959.8960   1056.7846   1131.6986   1111.1415   1090.0869    999.7461   1063.8694   1237.0648   1342.2230   1419.3212   1354.2116   1313.7805   1348.4281    723.3858    595.4855    564.5218    426.6457    260.7843     80.9340     11.9906  
    8802.6413     9289.3587  
   467.8225   1545.5251   4233.4795   4713.2407    264.1021   3678.8218     37.0083   3152.0000  
   824.4744   9761.2896   7506.2360  
 8
   960.3796   1057.3170   1132.2687   1111.5180   1090.0491    999.4189   1063.4881   1236.5978   1341.6867   1418.7420   1353.6806   1313.4388   1348.6793    723.6551    595.7111    564.7315    426.8011    260.8789     80.9629     11.9947  
    8802.3602     9289.6398  
   467.9002   1545.7330   4233.7075   4713.1355    264.0574   3678.4617     37.0047   3152.0000  
   824.7048   9758.5333   7508.7620  
 9
   960.6514   1057.6162   1132.5890   1111.7292   1090.0277    999.2353   1063.2742   1236.3358   1341.3857   1418.4168   1353.3824   1313.2466   1348.8200    723.8063    595.8377    564.8492    426.8883    260.9320     80.9792     11.9970  
    8802.2023     9289.7977  
   467.9440   1545.8500   4233.8357   4713.0761    264.0322   3678.2593     37.0026   3152.0000  
   824.8341   9756.9852   7510.1807  
10
   960.8041   1057.7843   1132.7691   1111.8479   1090.0156    999.1322   1063.1541   1236.1887   1341.2167   1418.2342   1353.2148   1313.1386   1348.8989    723.8911    595.9088    564.9152    426.9372    260.9618     80.9883     11.9983  
    8802.1136     9289.8864  
   467.9685   1545.9157   4233.9077   4713.0428    264.0181   3678.1457     37.0015   3152.0000  
   824.9068   9756.1155   7510.9777  
11
   960.8899   1057.8788   1132.8702   1111.9145   1090.0088    999.0743   1063.0866   1236.1060   1341.1218   1418.1316   1353.1207   1313.0779   1348.9432    723.9388    595.9488    564.9524    426.9647    260.9785     80.9934     11.9991  
    8802.0638     9289.9362  
   467.9823   1545.9527   4233.9481   4713.0240    264.0102   3678.0818     37.0008   3152.0000  
   824.9476   9755.6269   7511.4255  
12
   960.9381   1057.9319   1132.9271   1111.9520   1090.0050    999.0418   1063.0487   1236.0596   1341.0684   1418.0740   1353.0678   1313.0438   1348.9681    723.9656    595.9712    564.9732    426.9802    260.9879     80.9963     11.9995  
    8802.0359     9289.9641  
   467.9901   1545.9734   4233.9709   4713.0135    264.0057   3678.0460     37.0005   3152.0000  
   824.9706   9755.3523   7511.6771  
13
   960.9652   1057.9617   1132.9590   1111.9730   1090.0028    999.0235   1063.0273   1236.0335   1341.0385   1418.0416   1353.0381   1313.0246   1348.9821    723.9807    595.9838    564.9850    426.9889    260.9932     80.9979     11.9997  
    8802.0202     9289.9798  
   467.9944   1545.9851   4233.9836   4713.0076    264.0032   3678.0258     37.0003   3152.0000  
   824.9835   9755.1980   7511.8186  
14
   960.9805   1057.9785   1132.9770   1111.9848   1090.0016    999.0132   1063.0154   1236.0188   1341.0216   1418.0234   1353.0214   1313.0138   1348.9899    723.9891    595.9909    564.9915    426.9937    260.9962     80.9988     11.9998  
    8802.0113     9289.9887  
   467.9969   1545.9916   4233.9908   4713.0043    264.0018   3678.0145     37.0001   3152.0000  
   824.9907   9755.1113   7511.8980  
15
   960.9890   1057.9879   1132.9871   1111.9915   1090.0009    999.0074   1063.0086   1236.0106   1341.0121   1418.0131   1353.0120   1313.0078   1348.9943    723.9939    595.9949    564.9952    426.9965    260.9979     80.9993     11.9999  
    8802.0064     9289.9936  
   467.9982   1545.9953   4233.9948   4713.0024    264.0010   3678.0082     37.0001   3152.0000  
   824.9948   9755.0625   7511.9427  
16
   960.9938   1057.9932   1132.9927   1111.9952   1090.0005    999.0042   1063.0049   1236.0059   1341.0068   1418.0074   1353.0068   1313.0044   1348.9968    723.9966    595.9971    564.9973    426.9980    260.9988     80.9996     11.9999  
    8802.0036     9289.9964  
   467.9990   1545.9973   4233.9971   4713.0013    264.0006   3678.0046     37.0000   3152.0000  
   824.9971   9755.0351   7511.9678  
17
   960.9965   1057.9962   1132.9959   1111.9973   1090.0003    999.0023   1063.0027   1236.0033   1341.0038   1418.0041   1353.0038   1313.0025   1348.9982    723.9981    595.9984    564.9985    426.9989    260.9993     80.9998     12.0000  
    8802.0020     9289.9980  
   467.9994   1545.9985   4233.9984   4713.0008    264.0003   3678.0026     37.0000   3152.0000  
   824.9983   9755.0198   7511.9819  
18
   960.9981   1057.9979   1132.9977   1111.9985   1090.0002    999.0013   1063.0015   1236.0019   1341.0022   1418.0023   1353.0021   1313.0014   1348.9990    723.9989    595.9991    564.9992    426.9994    260.9996     80.9999     12.0000  
    8802.0011     9289.9989  
   467.9997   1545.9992   4233.9991   4713.0004    264.0002   3678.0014     37.0000   3152.0000  
   824.9991   9755.0111   7511.9898  
19
   960.9989   1057.9988   1132.9987   1111.9991   1090.0001    999.0007   1063.0009   1236.0011   1341.0012   1418.0013   1353.0012   1313.0008   1348.9994    723.9994    595.9995    564.9995    426.9996    260.9998     80.9999     12.0000  
    8802.0006     9289.9994  
   467.9998   1545.9995   4233.9995   4713.0002    264.0001   3678.0008     37.0000   3152.0000  
   824.9995   9755.0062   7511.9943  
20
   960.9994   1057.9993   1132.9993   1111.9995   1090.0000    999.0004   1063.0005   1236.0006   1341.0007   1418.0007   1353.0007   1313.0004   1348.9997    723.9997    595.9997    564.9997    426.9998    260.9999     81.0000     12.0000  
    8802.0004     9289.9996  
   467.9999   1545.9997   4233.9997   4713.0001    264.0001   3678.0005     37.0000   3152.0000  
   824.9997   9755.0035   7511.9968  
21
   960.9997   1057.9996   1132.9996   1111.9997   1090.0000    999.0002   1063.0003   1236.0003   1341.0004   1418.0004   1353.0004   1313.0002   1348.9998    723.9998    595.9998    564.9999    426.9999    260.9999     81.0000     12.0000  
    8802.0002     9289.9998  
   467.9999   1545.9999   4233.9998   4713.0001    264.0000   3678.0003     37.0000   3152.0000  
   824.9998   9755.0020   7511.9982  
22
   960.9998   1057.9998   1132.9998   1111.9998   1090.0000    999.0001   1063.0002   1236.0002   1341.0002   1418.0002   1353.0002   1313.0001   1348.9999    723.9999    595.9999    564.9999    426.9999    261.0000     81.0000     12.0000  
    8802.0001     9289.9999  
   468.0000   1545.9999   4233.9999   4713.0000    264.0000   3678.0001     37.0000   3152.0000  
   824.9999   9755.0011   7511.9990  
23
   960.9999   1057.9999   1132.9999   1111.9999   1090.0000    999.0001   1063.0001   1236.0001   1341.0001   1418.0001   1353.0001   1313.0001   1348.9999    723.9999    595.9999    565.0000    427.0000    261.0000     81.0000     12.0000  
    8802.0001     9289.9999  
   468.0000   1546.0000   4233.9999   4713.0000    264.0000   3678.0001     37.0000   3152.0000  
   824.9999   9755.0006   7511.9994  
24
   960.9999   1057.9999   1132.9999   1112.0000   1090.0000    999.0000   1063.0000   1236.0001   1341.0001   1418.0001   1353.0001   1313.0000   1349.0000    724.0000    596.0000    565.0000    427.0000    261.0000     81.0000     12.0000  
    8802.0000     9290.0000  
   468.0000   1546.0000   4234.0000   4713.0000    264.0000   3678.0000     37.0000   3152.0000  
   825.0000   9755.0003   7511.9997  
25
   961.0000   1058.0000   1133.0000   1112.0000   1090.0000    999.0000   1063.0000   1236.0000   1341.0000   1418.0000   1353.0000   1313.0000   1349.0000    724.0000    596.0000    565.0000    427.0000    261.0000     81.0000     12.0000  
    8802.0000     9290.0000  
   468.0000   1546.0000   4234.0000   4713.0000    264.0000   3678.0000     37.0000   3152.0000  
   825.0000   9755.0002   7511.9998  
26
   961.0000   1058.0000   1133.0000   1112.0000   1090.0000    999.0000   1063.0000   1236.0000   1341.0000   1418.0000   1353.0000   1313.0000   1349.0000    724.0000    596.0000    565.0000    427.0000    261.0000     81.0000     12.0000  
    8802.0000     9290.0000  
   468.0000   1546.0000   4234.0000   4713.0000    264.0000   3678.0000     37.0000   3152.0000  
   825.0000   9755.0001   7511.9999  
27
   961.0000   1058.0000   1133.0000   1112.0000   1090.0000    999.0000   1063.0000   1236.0000   1341.0000   1418.0000   1353.0000   1313.0000   1349.0000    724.0000    596.0000    565.0000    427.0000    261.0000     81.0000     12.0000  
    8802.0000     9290.0000  
   468.0000   1546.0000   4234.0000   4713.0000    264.0000   3678.0000     37.0000   3152.0000  
   825.0000   9755.0001   7511.9999  
28
   961.0000   1058.0000   1133.0000   1112.0000   1090.0000    999.0000   1063.0000   1236.0000   1341.0000   1418.0000   1353.0000   1313.0000   1349.0000    724.0000    596.0000    565.0000    427.0000    261.0000     81.0000     12.0000  
    8802.0000     9290.0000  
   468.0000   1546.0000   4234.0000   4713.0000    264.0000   3678.0000     37.0000   3152.0000  
   825.0000   9755.0000   7512.0000  
29
   961.0000   1058.0000   1133.0000   1112.0000   1090.0000    999.0000   1063.0000   1236.0000   1341.0000   1418.0000   1353.0000   1313.0000   1349.0000    724.0000    596.0000    565.0000    427.0000    261.0000     81.0000     12.0000  
    8802.0000     9290.0000  
   468.0000   1546.0000   4234.0000   4713.0000    264.0000   3678.0000     37.0000   3152.0000  
   825.0000   9755.0000   7512.0000  
30
   961.0000   1058.0000   1133.0000   1112.0000   1090.0000    999.0000   1063.0000   1236.0000   1341.0000   1418.0000   1353.0000   1313.0000   1349.0000    724.0000    596.0000    565.0000    427.0000    261.0000     81.0000     12.0000  
    8802.0000     9290.0000  
   468.0000   1546.0000   4234.0000   4713.0000    264.0000   3678.0000     37.0000   3152.0000  
   825.0000   9755.0000   7512.0000  
31
   961.0000   1058.0000   1133.0000   1112.0000   1090.0000    999.0000   1063.0000   1236.0000   1341.0000   1418.0000   1353.0000   1313.0000   1349.0000    724.0000    596.0000    565.0000    427.0000    261.0000     81.0000     12.0000  
    8802.0000     9290.0000  
   468.0000   1546.0000   4234.0000   4713.0000    264.0000   3678.0000     37.0000   3152.0000  
   825.0000   9755.0000   7512.0000  
32
   961.0000   1058.0000   1133.0000   1112.0000   1090.0000    999.0000   1063.0000   1236.0000   1341.0000   1418.0000   1353.0000   1313.0000   1349.0000    724.0000    596.0000    565.0000    427.0000    261.0000     81.0000     12.0000  
    8802.0000     9290.0000  
   468.0000   1546.0000   4234.0000   4713.0000    264.0000   3678.0000     37.0000   3152.0000  
   825.0000   9755.0000   7512.0000  
33
   961.0000   1058.0000   1133.0000   1112.0000   1090.0000    999.0000   1063.0000   1236.0000   1341.0000   1418.0000   1353.0000   1313.0000   1349.0000    724.0000    596.0000    565.0000    427.0000    261.0000     81.0000     12.0000  
    8802.0000     9290.0000  
   468.0000   1546.0000   4234.0000   4713.0000    264.0000   3678.0000     37.0000   3152.0000  
   825.0000   9755.0000   7512.0000  
34
   961.0000   1058.0000   1133.0000   1112.0000   1090.0000    999.0000   1063.0000   1236.0000   1341.0000   1418.0000   1353.0000   1313.0000   1349.0000    724.0000    596.0000    565.0000    427.0000    261.0000     81.0000     12.0000  
    8802.0000     9290.0000  
   468.0000   1546.0000   4234.0000   4713.0000    264.0000   3678.0000     37.0000   3152.0000  
   825.0000   9755.0000   7512.0000  
35
   961.0000   1058.0000   1133.0000   1112.0000   1090.0000    999.0000   1063.0000   1236.0000   1341.0000   1418.0000   1353.0000   1313.0000   1349.0000    724.0000    596.0000    565.0000    427.0000    261.0000     81.0000     12.0000  
    8802.0000     9290.0000  
   468.0000   1546.0000   4234.0000   4713.0000    264.0000   3678.0000     37.0000   3152.0000  
   825.0000   9755.0000   7512.0000  
