                    0   10942412.999999991     
                    1   352.63645539532104     
                    2   169.55685574180853     
                    3   100.79096767330529     
                    4   61.087654991411483     
                    5   37.101587482679960     
                    6   22.550951123840274     
                    7   13.733721234553052     
                    8   8.3795582429232169     
                    9   5.1199204228799013     
                   10   3.1312875797457851     
                   11   1.9162667888075007     
                   12   1.1731760960905295     
                   13  0.71842232670462136     
                   14  0.44001195961496464     
                   15  0.26952014427391879     
                   16  0.16509880208776859     
                   17  0.10113758236101374     
                   18   6.1957089940356112E-002
                   19   3.7955565483894907E-002
                   20   2.3252176325622154E-002
                   21   1.4244723014346712E-002
                   22   8.7266145789814606E-003
                   23   5.3461166428975526E-003
                   24   3.2751529431737738E-003
                   25   2.0064348304350099E-003
                   26   1.2291891761901448E-003
                   27   7.5303041288716111E-004
                   28   4.6132434860329623E-004
                   29   2.8261830365027820E-004
                   30   1.7313872490400855E-004
                   31   1.0606892637589707E-004
                   32   6.4980362037222322E-005
                   33   3.9808527143265246E-005
                   34   2.4387656317457693E-005
                   35   1.4940462627417782E-005
                   36   9.1528853495350141E-006
                   37   5.6072759156725006E-006
                   38   3.4351521420996831E-006
                   39   2.1044574629327205E-006
                   40   1.2892396046889753E-006
                   41   7.8982029045552432E-007
