0
   724.8445    682.4441    691.2097    728.7952    766.2763    782.9226    808.8321    832.0391    889.1138    933.8766    881.5766    793.0392    735.2626    542.5604    506.6093    453.7877    344.3771    203.9258     59.5405     16.9667  
 5370234.0000  5581032.0000  
   318.9976   1339.1091   2583.3873   2927.6390    315.7253   2545.0406     58.1011   2290.0000  
   461.0219   7236.0227   4680.9554  
 1
   695.1552    717.4263    804.5758    867.7566    794.0830    749.3943    683.6652    782.6930    861.5089    988.2907    904.1269    766.7929    751.5019    496.5511    490.8223    438.8725    317.6371    201.5610     52.3054     13.2798  
    6136.8223     6241.1777  
   298.5496   1203.4100   2939.4818   3420.6826    147.9046   2044.7029     33.2685   2290.0000  
   594.2621   7077.2516   4706.4864  
 2
   710.9672    733.7420    822.8609    781.9580    786.8664    777.2309    700.9129    795.1946    855.0440    967.4218    876.8986    743.8815    755.0435    507.5946    505.2028    451.4885    328.2265    209.1067     54.4934     13.8654  
    6078.9238     6299.0762  
   299.1103   1189.0085   2989.5251   3409.0136    144.8154   2023.4212     33.1059   2290.0000  
   596.1265   7042.0214   4739.8522  
 3
   714.5248    737.4136    826.9784    776.4105    787.9996    776.2812    700.2334    793.7780    852.3389    963.0717    872.6621    741.1245    755.8124    509.3236    507.3398    453.5736    329.9874    210.3526     54.8343     13.9594  
    6078.7251     6299.2749  
   299.4595   1190.2002   2995.8444   3406.4595    144.3200   2018.6796     33.0367   2290.0000  
   597.3524   7026.1044   4754.5431  
 4
   716.1461    739.0868    828.8546    776.7473    788.1083    775.3589    699.3412    792.6213    850.8726    961.1980    870.9377    740.1007    756.3190    510.0677    508.0746    454.2002    330.4354    210.6429     54.9089     13.9779  
    6078.0272     6299.9728  
   299.7246   1191.0967   2997.1329   3405.6336    144.1535   2017.2412     33.0175   2290.0000  
   598.0639   7017.9907   4761.9454  
 5
   716.9758    739.9431    829.8148    777.2556    788.0890    774.7839    698.7729    791.9259    850.0566    960.2244    870.0701    739.6032    756.6118    510.4709    508.4688    454.5366    330.6711    210.7919     54.9467     13.9870  
    6077.5524     6300.4476  
   299.8548   1191.5284   2997.5700   3405.3126    144.0807   2016.6441     33.0095   2290.0000  
   598.4684   7013.5995   4765.9321  
 6
   717.4257    740.4073    830.3353    777.5740    788.0574    774.4477    698.4408    791.5263    849.5979    959.6893    869.6003    739.3374    756.7794    510.6994    508.6963    454.7337    330.8104    210.8799     54.9692     13.9925  
    6077.3019     6300.6981  
   299.9207   1191.7436   2997.7691   3405.1659    144.0442   2016.3513     33.0053   2290.0000  
   598.6982   7011.1596   4768.1422  
 7
   717.6758    740.6654    830.6248    777.7578    788.0343    774.2546    698.2506    791.2987    849.3388    959.3898    869.3389    739.1903    756.8748    510.8293    508.8271    454.8480    330.8916    210.9313     54.9824     13.9957  
    6077.1680     6300.8320  
   299.9558   1191.8574   2997.8721   3405.0913    144.0247   2016.1958     33.0030   2290.0000  
   598.8288   7009.7882   4769.3830  
 8
   717.8165    740.8106    830.7876    777.8625    788.0199    774.1446    698.1423    791.1695    849.1921    959.2208    869.1918    739.1077    756.9290    510.9031    508.9017    454.9136    330.9383    210.9609     54.9900     13.9975  
    6077.0945     6300.9055  
   299.9751   1191.9198   2997.9282   3405.0511    144.0139   2016.1102     33.0017   2290.0000  
   598.9029   7009.0134   4770.0838  
 9
   717.8960    740.8927    830.8796    777.9220    788.0114    774.0821    698.0808    791.0962    849.1089    959.1252    869.1087    739.0610    756.9597    510.9450    508.9442    454.9509    330.9649    210.9778     54.9943     13.9986  
    6077.0534     6300.9466  
   299.9859   1191.9547   2997.9595   3405.0288    144.0079   2016.0623     33.0010   2290.0000  
   598.9449   7008.5746   4770.4805  
10
   717.9410    740.9391    830.9317    777.9557    788.0065    774.0466    698.0458    791.0546    849.0618    959.0710    869.0617    739.0346    756.9771    510.9688    508.9683    454.9721    330.9801    210.9874     54.9968     13.9992  
    6077.0302     6300.9698  
   299.9920   1191.9743   2997.9770   3405.0163    144.0045   2016.0353     33.0005   2290.0000  
   598.9687   7008.3259   4770.7053  
11
   717.9665    740.9655    830.9613    777.9749    788.0037    774.0264    698.0260    791.0310    849.0351    959.0403    869.0350    739.0196    756.9870    510.9823    508.9820    454.9842    330.9887    210.9928     54.9982     13.9995  
    6077.0171     6300.9829  
   299.9955   1191.9855   2997.9870   3405.0092    144.0025   2016.0200     33.0003   2290.0000  
   598.9823   7008.1849   4770.8328  
12
   717.9810    740.9804    830.9780    777.9857    788.0021    774.0150    698.0147    791.0176    849.0199    959.0228    869.0198    739.0111    756.9926    510.9900    508.9898    454.9910    330.9936    210.9959     54.9990     13.9997  
    6077.0097     6300.9903  
   299.9974   1191.9918   2997.9926   3405.0052    144.0014   2016.0113     33.0002   2290.0000  
   598.9899   7008.1049   4770.9052  
13
   717.9892    740.9889    830.9875    777.9919    788.0012    774.0085    698.0084    791.0100    849.0113    959.0130    869.0113    739.0063    756.9958    510.9943    508.9942    454.9949    330.9964    210.9977     54.9994     13.9999  
    6077.0055     6300.9945  
   299.9985   1191.9953   2997.9958   3405.0030    144.0008   2016.0064     33.0001   2290.0000  
   598.9943   7008.0595   4770.9462  
14
   717.9939    740.9937    830.9929    777.9954    788.0007    774.0048    698.0047    791.0057    849.0064    959.0074    869.0064    739.0036    756.9976    510.9968    508.9967    454.9971    330.9979    210.9987     54.9997     13.9999  
    6077.0031     6300.9969  
   299.9992   1191.9973   2997.9976   3405.0017    144.0005   2016.0037     33.0001   2290.0000  
   598.9968   7008.0338   4770.9695  
15
   717.9965    740.9964    830.9960    777.9974    788.0004    774.0027    698.0027    791.0032    849.0036    959.0042    869.0036    739.0020    756.9987    510.9982    508.9981    454.9984    330.9988    210.9993     54.9998     14.0000  
    6077.0018     6300.9982  
   299.9995   1191.9985   2997.9987   3405.0010    144.0003   2016.0021     33.0000   2290.0000  
   598.9982   7008.0192   4770.9827  
16
   717.9980    740.9980    830.9977    777.9985    788.0002    774.0016    698.0015    791.0018    849.0021    959.0024    869.0021    739.0012    756.9992    510.9990    508.9989    454.9991    330.9993    210.9996     54.9999     14.0000  
    6077.0010     6300.9990  
   299.9997   1191.9991   2997.9992   3405.0005    144.0001   2016.0012     33.0000   2290.0000  
   598.9990   7008.0109   4770.9902  
17
   717.9989    740.9988    830.9987    777.9992    788.0001    774.0009    698.0009    791.0010    849.0012    959.0013    869.0012    739.0007    756.9996    510.9994    508.9994    454.9995    330.9996    210.9998     54.9999     14.0000  
    6077.0006     6300.9994  
   299.9998   1191.9995   2997.9996   3405.0003    144.0001   2016.0007     33.0000   2290.0000  
   598.9994   7008.0062   4770.9944  
18
   717.9994    740.9993    830.9993    777.9995    788.0001    774.0005    698.0005    791.0006    849.0007    959.0008    869.0007    739.0004    756.9998    510.9997    508.9997    454.9997    330.9998    210.9999     55.0000     14.0000  
    6077.0003     6300.9997  
   299.9999   1191.9997   2997.9998   3405.0002    144.0000   2016.0004     33.0000   2290.0000  
   598.9997   7008.0035   4770.9968  
19
   717.9996    740.9996    830.9996    777.9997    788.0000    774.0003    698.0003    791.0003    849.0004    959.0004    869.0004    739.0002    756.9999    510.9998    508.9998    454.9998    330.9999    210.9999     55.0000     14.0000  
    6077.0002     6300.9998  
   300.0000   1191.9998   2997.9999   3405.0001    144.0000   2016.0002     33.0000   2290.0000  
   598.9998   7008.0020   4770.9982  
20
   717.9998    740.9998    830.9998    777.9998    788.0000    774.0002    698.0002    791.0002    849.0002    959.0002    869.0002    739.0001    756.9999    510.9999    508.9999    454.9999    330.9999    211.0000     55.0000     14.0000  
    6077.0001     6300.9999  
   300.0000   1191.9999   2997.9999   3405.0001    144.0000   2016.0001     33.0000   2290.0000  
   598.9999   7008.0011   4770.9990  
21
   717.9999    740.9999    830.9999    777.9999    788.0000    774.0001    698.0001    791.0001    849.0001    959.0001    869.0001    739.0001    757.0000    510.9999    508.9999    454.9999    331.0000    211.0000     55.0000     14.0000  
    6077.0001     6300.9999  
   300.0000   1191.9999   2998.0000   3405.0000    144.0000   2016.0001     33.0000   2290.0000  
   598.9999   7008.0006   4770.9994  
22
   717.9999    740.9999    830.9999    778.0000    788.0000    774.0001    698.0001    791.0001    849.0001    959.0001    869.0001    739.0000    757.0000    511.0000    509.0000    455.0000    331.0000    211.0000     55.0000     14.0000  
    6077.0000     6301.0000  
   300.0000   1192.0000   2998.0000   3405.0000    144.0000   2016.0000     33.0000   2290.0000  
   599.0000   7008.0004   4770.9997  
23
   718.0000    741.0000    831.0000    778.0000    788.0000    774.0000    698.0000    791.0000    849.0000    959.0000    869.0000    739.0000    757.0000    511.0000    509.0000    455.0000    331.0000    211.0000     55.0000     14.0000  
    6077.0000     6301.0000  
   300.0000   1192.0000   2998.0000   3405.0000    144.0000   2016.0000     33.0000   2290.0000  
   599.0000   7008.0002   4770.9998  
24
   718.0000    741.0000    831.0000    778.0000    788.0000    774.0000    698.0000    791.0000    849.0000    959.0000    869.0000    739.0000    757.0000    511.0000    509.0000    455.0000    331.0000    211.0000     55.0000     14.0000  
    6077.0000     6301.0000  
   300.0000   1192.0000   2998.0000   3405.0000    144.0000   2016.0000     33.0000   2290.0000  
   599.0000   7008.0001   4770.9999  
25
   718.0000    741.0000    831.0000    778.0000    788.0000    774.0000    698.0000    791.0000    849.0000    959.0000    869.0000    739.0000    757.0000    511.0000    509.0000    455.0000    331.0000    211.0000     55.0000     14.0000  
    6077.0000     6301.0000  
   300.0000   1192.0000   2998.0000   3405.0000    144.0000   2016.0000     33.0000   2290.0000  
   599.0000   7008.0001   4770.9999  
26
   718.0000    741.0000    831.0000    778.0000    788.0000    774.0000    698.0000    791.0000    849.0000    959.0000    869.0000    739.0000    757.0000    511.0000    509.0000    455.0000    331.0000    211.0000     55.0000     14.0000  
    6077.0000     6301.0000  
   300.0000   1192.0000   2998.0000   3405.0000    144.0000   2016.0000     33.0000   2290.0000  
   599.0000   7008.0000   4771.0000  
27
   718.0000    741.0000    831.0000    778.0000    788.0000    774.0000    698.0000    791.0000    849.0000    959.0000    869.0000    739.0000    757.0000    511.0000    509.0000    455.0000    331.0000    211.0000     55.0000     14.0000  
    6077.0000     6301.0000  
   300.0000   1192.0000   2998.0000   3405.0000    144.0000   2016.0000     33.0000   2290.0000  
   599.0000   7008.0000   4771.0000  
28
   718.0000    741.0000    831.0000    778.0000    788.0000    774.0000    698.0000    791.0000    849.0000    959.0000    869.0000    739.0000    757.0000    511.0000    509.0000    455.0000    331.0000    211.0000     55.0000     14.0000  
    6077.0000     6301.0000  
   300.0000   1192.0000   2998.0000   3405.0000    144.0000   2016.0000     33.0000   2290.0000  
   599.0000   7008.0000   4771.0000  
29
   718.0000    741.0000    831.0000    778.0000    788.0000    774.0000    698.0000    791.0000    849.0000    959.0000    869.0000    739.0000    757.0000    511.0000    509.0000    455.0000    331.0000    211.0000     55.0000     14.0000  
    6077.0000     6301.0000  
   300.0000   1192.0000   2998.0000   3405.0000    144.0000   2016.0000     33.0000   2290.0000  
   599.0000   7008.0000   4771.0000  
30
   718.0000    741.0000    831.0000    778.0000    788.0000    774.0000    698.0000    791.0000    849.0000    959.0000    869.0000    739.0000    757.0000    511.0000    509.0000    455.0000    331.0000    211.0000     55.0000     14.0000  
    6077.0000     6301.0000  
   300.0000   1192.0000   2998.0000   3405.0000    144.0000   2016.0000     33.0000   2290.0000  
   599.0000   7008.0000   4771.0000  
31
   718.0000    741.0000    831.0000    778.0000    788.0000    774.0000    698.0000    791.0000    849.0000    959.0000    869.0000    739.0000    757.0000    511.0000    509.0000    455.0000    331.0000    211.0000     55.0000     14.0000  
    6077.0000     6301.0000  
   300.0000   1192.0000   2998.0000   3405.0000    144.0000   2016.0000     33.0000   2290.0000  
   599.0000   7008.0000   4771.0000  
32
   718.0000    741.0000    831.0000    778.0000    788.0000    774.0000    698.0000    791.0000    849.0000    959.0000    869.0000    739.0000    757.0000    511.0000    509.0000    455.0000    331.0000    211.0000     55.0000     14.0000  
    6077.0000     6301.0000  
   300.0000   1192.0000   2998.0000   3405.0000    144.0000   2016.0000     33.0000   2290.0000  
   599.0000   7008.0000   4771.0000  
33
   718.0000    741.0000    831.0000    778.0000    788.0000    774.0000    698.0000    791.0000    849.0000    959.0000    869.0000    739.0000    757.0000    511.0000    509.0000    455.0000    331.0000    211.0000     55.0000     14.0000  
    6077.0000     6301.0000  
   300.0000   1192.0000   2998.0000   3405.0000    144.0000   2016.0000     33.0000   2290.0000  
   599.0000   7008.0000   4771.0000  
